miRNA	logFC	logCPM	PValue	FDR
mmu-miR-7a-2-3p	3.694774317	5.24350001	6.08E-24	4.20E-21
mmu-miR-1224-5p	4.01689398	5.23410898	2.47E-22	8.53E-20
mmu-miR-139-5p	3.368271716	6.99216208	1.38E-21	3.18E-19
mmu-miR-541-5p	3.83768103	5.43556713	3.27E-19	5.64E-17
mmu-miR-7b-5p	3.357569581	4.74378319	3.38E-18	4.67E-16
mmu-miR-184-3p	3.731870391	3.42817203	2.83E-17	3.25E-15
mmu-miR-127-3p	3.253530109	7.39836107	5.05E-13	4.98E-11
mmu-miR-375-3p	2.371875845	16.21406708	1.23E-10	1.06E-08
mmu-miR-574-3p	2.170617433	6.20738281	2.75E-10	2.11E-08
mmu-miR-134-5p	7.016913704	1.25925195	8.39E-10	5.79E-08
mmu-miR-7a-5p	1.908695348	6.62046078	1.10E-09	6.87E-08
mmu-miR-375-5p	2.784881549	3.36969772	6.36E-09	3.66E-07
mmu-miR-409-3p	3.227816596	2.2363356	8.07E-09	4.28E-07
mmu-miR-434-5p	6.850151109	1.13042334	9.03E-09	4.45E-07
mmu-miR-434-3p	2.779507193	4.14655222	2.63E-08	1.14E-06
mmu-miR-1945	6.805326812	1.0966856	2.65E-08	1.14E-06
mmu-miR-152-3p	2.138712795	4.06809112	3.93E-08	1.59E-06
mmu-miR-153-3p	2.842631191	3.05977582	5.36E-08	2.05E-06
mmu-miR-410-3p	6.632572829	0.97741297	1.93E-07	7.02E-06
mmu-miR-411-5p	3.070490884	2.55640329	2.99E-07	1.03E-05
mmu-miR-218-5p	-2.004057682	5.00487271	9.71E-07	3.19E-05
mmu-miR-700-3p	1.789920153	3.96748836	2.88E-06	9.04E-05
mmu-miR-6969-3p	2.119268363	2.76408976	5.38E-06	1.61E-04
mmu-miR-3103-3p	-5.914676883	0.59065861	1.33E-05	3.82E-04
mmu-miR-497a-5p	1.512004109	4.17080572	4.96E-05	1.36E-03
mmu-let-7e-5p	1.321526997	7.93026091	5.13E-05	1.36E-03
mmu-miR-152-5p	1.647374302	3.39766318	6.73E-05	1.72E-03
mmu-miR-222-5p	-1.825775609	2.45273619	7.89E-05	1.92E-03
mmu-miR-3547-3p	5.80808808	0.39571111	8.07E-05	1.92E-03
mmu-miR-350-5p	2.422629026	1.75929385	9.50E-05	2.18E-03
mmu-miR-195a-5p	1.72039658	3.68483434	1.23E-04	2.75E-03
mmu-miR-212-3p	2.174297364	1.68841479	1.67E-04	3.61E-03
mmu-miR-139-3p	2.841641444	1.02038268	1.73E-04	3.61E-03
mmu-miR-3535	-1.745903175	5.44125684	2.12E-04	4.29E-03
mmu-miR-7b-3p	5.7733785	0.38785059	2.52E-04	4.97E-03
mmu-miR-210-5p	-1.6857549	7.72066408	4.09E-04	7.84E-03
mmu-miR-676-3p	1.330297774	4.09959487	4.24E-04	7.90E-03
mmu-miR-222-3p	-1.087287529	7.16628917	5.20E-04	9.45E-03
mmu-miR-1224-3p	2.842071216	0.69352828	5.67E-04	1.00E-02
mmu-miR-449c-5p	-1.481983143	3.61308558	8.62E-04	1.45E-02
mmu-miR-130a-3p	-1.004474012	7.41495557	8.64E-04	1.45E-02
mmu-miR-677-5p	-1.445613614	3.37805939	9.68E-04	1.57E-02
mmu-miR-187-3p	1.393243812	3.54171711	9.80E-04	1.57E-02
mmu-miR-20a-5p	-0.967106397	8.19520545	1.02E-03	1.59E-02
mmu-miR-1291	-5.132926914	0.11044219	1.14E-03	1.74E-02
mmu-miR-15a-3p	-5.268580695	0.17556655	1.21E-03	1.81E-02
mmu-miR-700-5p	1.382913421	4.15923852	1.36E-03	2.00E-02
mmu-miR-210-3p	-1.374460805	9.79407339	1.49E-03	2.14E-02
mmu-miR-598-3p	1.327750818	2.67643831	1.90E-03	2.68E-02
mmu-miR-125b-1-3p	5.253396868	0.04559459	2.19E-03	3.03E-02
mmu-miR-147-3p	-1.660408813	4.75922844	2.25E-03	3.05E-02
mmu-miR-212-5p	2.03119018	1.2795261	2.56E-03	3.40E-02
mmu-miR-195a-3p	2.497720371	0.7790666	2.90E-03	3.77E-02
mmu-miR-101a-3p	1.029513983	7.51326884	3.04E-03	3.86E-02
mmu-miR-101c	1.029510079	7.51326884	3.08E-03	3.86E-02
mmu-miR-92a-1-5p	-0.991199938	8.7031729	3.26E-03	4.02E-02
mmu-miR-540-3p	5.058722551	-0.03729919	3.64E-03	4.41E-02
mmu-miR-125a-5p	1.045331718	9.5915822	3.84E-03	4.49E-02
mmu-miR-6539	-0.926382874	5.14334173	3.84E-03	4.49E-02
mmu-miR-221-5p	-1.387066094	4.32195877	4.05E-03	4.64E-02
mmu-miR-15b-3p	-0.953039328	5.33788322	4.10E-03	4.64E-02
mmu-miR-3105-3p	-1.191093188	3.20435416	4.44E-03	4.95E-02
mmu-miR-879-5p	2.55698907	0.61351198	5.08E-03	5.55E-02
mmu-miR-125a-3p	1.334253203	3.01002969	5.17E-03	5.55E-02
mmu-miR-137-3p	2.447156231	0.56982835	5.23E-03	5.55E-02
mmu-miR-381-3p	2.544230491	0.90175038	5.60E-03	5.84E-02
mmu-miR-204-5p	2.643867751	1.13075437	5.71E-03	5.84E-02
mmu-miR-107-3p	-0.878714886	8.69089092	5.75E-03	5.84E-02
mmu-miR-147-5p	-4.878293678	-0.01656451	5.86E-03	5.86E-02
mmu-miR-17-5p	-0.874835383	8.78733506	6.16E-03	6.02E-02
mmu-miR-103-2-5p	-4.770803454	-0.07171729	6.19E-03	6.02E-02
mmu-miR-136-3p	2.877743502	0.66369096	6.34E-03	6.07E-02
mmu-miR-129-5p	5.039743727	-0.03906745	6.71E-03	6.34E-02
mmu-miR-374c-3p	-1.256438276	2.29811398	7.71E-03	7.19E-02
mmu-miR-20a-3p	-1.340190435	2.23454152	1.01E-02	9.27E-02
mmu-miR-6516-5p	4.635917406	-0.23790502	1.05E-02	9.56E-02
mmu-miR-879-3p	4.635925046	-0.23790502	1.08E-02	9.65E-02
mmu-miR-93-3p	-0.921403461	4.47328494	1.11E-02	9.80E-02
mmu-miR-92a-3p	-0.801150355	15.31962949	1.19E-02	1.04E-01
mmu-miR-132-3p	0.886971687	3.89557459	1.27E-02	1.08E-01
mmu-miR-337-5p	4.963763025	-0.05115822	1.27E-02	1.08E-01
mmu-miR-188-5p	-1.228537726	2.05438919	1.41E-02	1.19E-01
mmu-miR-149-5p	0.960529038	4.03626589	1.46E-02	1.21E-01
mmu-miR-126a-5p	-0.935450727	5.45266518	1.53E-02	1.26E-01
mmu-miR-451a	-4.717836674	-0.11553451	1.59E-02	1.29E-01
mmu-miR-30e-5p	-0.732740357	12.59691876	1.70E-02	1.36E-01
mmu-miR-101b-3p	-0.815111297	7.54681155	1.78E-02	1.41E-01
mmu-miR-99b-5p	1.330084464	9.11348277	1.81E-02	1.42E-01
mmu-miR-148a-3p	0.722823912	14.62896306	1.85E-02	1.43E-01
mmu-miR-877-3p	-1.119458342	2.19282643	1.91E-02	1.45E-01
mmu-miR-382-5p	4.471593567	-0.30914928	1.91E-02	1.45E-01
mmu-miR-18a-5p	-0.811847497	6.1424011	1.95E-02	1.46E-01
mmu-miR-802-5p	-0.720783791	9.59113304	1.99E-02	1.48E-01
mmu-miR-1198-3p	-4.54790211	-0.18612405	2.07E-02	1.51E-01
mmu-miR-378c	-0.756309006	5.92530981	2.08E-02	1.51E-01
mmu-miR-671-3p	0.749358072	6.32175674	2.27E-02	1.63E-01
mmu-miR-449a-5p	-1.185120037	2.63072982	2.31E-02	1.64E-01
mmu-miR-330-5p	-0.806953175	4.82561854	2.39E-02	1.68E-01
mmu-miR-27b-5p	-0.78318512	5.59062411	2.58E-02	1.80E-01
mmu-miR-16-2-3p	-1.261314291	2.0357727	2.80E-02	1.93E-01
mmu-miR-221-3p	-0.706156868	7.69422286	2.85E-02	1.95E-01
mmu-miR-29a-5p	-2.562079872	0.40446086	3.07E-02	2.08E-01
mmu-miR-1249-3p	-1.106160147	1.99288612	3.21E-02	2.15E-01
mmu-miR-3105-5p	4.267759489	-0.38802091	3.31E-02	2.20E-01
mmu-miR-205-3p	-2.102993789	1.08001134	3.52E-02	2.31E-01
mmu-miR-181c-3p	-0.801380028	6.57364333	3.61E-02	2.35E-01
mmu-miR-6952-3p	-2.290391773	0.48490546	3.82E-02	2.46E-01
mmu-miR-301a-5p	-2.030402515	0.35710768	3.88E-02	2.46E-01
mmu-miR-499-5p	-5.33593573	0.30569231	3.89E-02	2.46E-01
mmu-miR-1968-5p	0.656264607	5.2704007	3.94E-02	2.47E-01
mmu-miR-17-3p	-0.65630759	5.22818903	4.09E-02	2.54E-01
mmu-miR-484	-0.610069508	8.02513705	4.20E-02	2.59E-01
mmu-miR-205-5p	-0.696884169	6.24551958	4.37E-02	2.66E-01
mmu-miR-31-3p	-0.666121629	4.09399789	4.39E-02	2.66E-01
mmu-miR-672-5p	1.116135773	1.76457788	4.52E-02	2.71E-01
mmu-miR-322-5p	1.531129073	1.12950194	4.73E-02	2.81E-01
mmu-miR-1955-5p	1.126742989	1.57711068	4.94E-02	2.92E-01
mmu-miR-744-3p	-0.759637021	2.98989432	4.99E-02	2.92E-01
mmu-miR-7043-3p	1.518038462	0.61134394	5.08E-02	2.94E-01
mmu-miR-126a-3p	-0.790063829	3.656828	5.20E-02	2.99E-01
mmu-let-7e-3p	1.911154459	0.63185034	5.47E-02	3.12E-01
mmu-miR-1191b-5p	2.345945913	0.0314142	5.52E-02	3.12E-01
mmu-miR-351-5p	0.745086009	3.13745988	5.67E-02	3.18E-01
mmu-miR-7667-3p	4.360054616	-0.32528233	5.78E-02	3.21E-01
mmu-miR-92b-3p	0.613558958	5.01021566	5.87E-02	3.23E-01
mmu-miR-421-3p	-0.568656322	7.84013465	5.90E-02	3.23E-01
mmu-miR-6418-3p	-4.24430495	-0.28145996	5.96E-02	3.24E-01
mmu-miR-1198-5p	0.559893814	6.16818966	6.21E-02	3.35E-01
mmu-miR-200b-5p	0.543655096	7.39819023	6.31E-02	3.37E-01
mmu-miR-378a-3p	-0.564151911	14.37678702	6.50E-02	3.45E-01
mmu-miR-582-3p	-0.590261993	6.58841265	6.56E-02	3.45E-01
mmu-miR-103-3p	-0.553351668	10.9442662	6.62E-02	3.46E-01
mmu-miR-326-3p	-0.627948325	5.23281383	6.71E-02	3.48E-01
mmu-miR-130b-5p	-0.677902435	6.76256764	6.84E-02	3.50E-01
mmu-miR-1306-5p	-0.781372635	2.86763958	6.85E-02	3.50E-01
mmu-miR-218-1-3p	-0.927173963	2.11566055	7.30E-02	3.70E-01
mmu-miR-10a-5p	0.760985918	12.85977986	7.72E-02	3.88E-01
mmu-miR-181a-5p	0.695428202	12.53613339	7.76E-02	3.88E-01
mmu-miR-3066-5p	-1.606683629	0.83014039	7.85E-02	3.89E-01
mmu-miR-1843b-3p	-0.989311853	2.3668584	7.88E-02	3.89E-01
mmu-miR-674-3p	-0.548525853	4.99809209	8.02E-02	3.90E-01
mmu-miR-106b-5p	-0.548846923	7.17946299	8.02E-02	3.90E-01
mmu-let-7g-3p	-1.425751105	0.68989158	8.14E-02	3.93E-01
mmu-miR-378d	-0.524481418	7.01577963	8.24E-02	3.95E-01
mmu-miR-203-3p	-0.51724126	11.16234858	8.39E-02	3.99E-01
mmu-miR-193a-3p	-0.847314181	2.3888248	8.60E-02	4.06E-01
mmu-miR-802-3p	-0.51744253	7.09240152	8.70E-02	4.08E-01
mmu-miR-8112	1.07236002	1.53177726	8.92E-02	4.16E-01
mmu-miR-155-5p	-0.656418119	3.50943652	9.01E-02	4.17E-01
mmu-miR-667-3p	4.157052525	-0.40245755	9.27E-02	4.26E-01
mmu-miR-3058-3p	-4.055673531	-0.40059287	9.63E-02	4.40E-01
mmu-miR-300-3p	2.223977368	-0.05651911	9.88E-02	4.43E-01
mmu-miR-19a-3p	-0.588507554	6.35007009	9.93E-02	4.43E-01
mmu-miR-132-5p	1.5446884	0.12769434	9.95E-02	4.43E-01
mmu-miR-532-3p	0.52504398	4.35970811	1.00E-01	4.43E-01
mmu-miR-7070-3p	4.086712194	-0.46765743	1.00E-01	4.43E-01
mmu-miR-5121	-0.891189111	2.88165943	1.06E-01	4.65E-01
mmu-miR-872-3p	-0.710603875	4.92347167	1.08E-01	4.71E-01
mmu-miR-130b-3p	-0.467049314	9.15126294	1.09E-01	4.71E-01
mmu-miR-19b-3p	-0.555970686	7.62178412	1.10E-01	4.71E-01
mmu-miR-194-1-3p	-0.571468939	9.1504548	1.10E-01	4.71E-01
mmu-miR-148a-5p	0.477232402	9.32687007	1.15E-01	4.89E-01
mmu-miR-128-3p	-0.502652351	5.82046795	1.21E-01	5.05E-01
mmu-miR-203-5p	-0.55076584	3.80030284	1.21E-01	5.05E-01
mmu-miR-350-3p	1.301023181	0.65027645	1.22E-01	5.05E-01
mmu-let-7c-5p	0.467595059	12.68787087	1.22E-01	5.05E-01
mmu-miR-181b-1-3p	-1.275183435	1.25212877	1.23E-01	5.05E-01
mmu-miR-34a-5p	-0.607036994	7.53875565	1.23E-01	5.05E-01
mmu-miR-137-5p	3.903219634	-0.4877906	1.27E-01	5.16E-01
mmu-miR-1948-5p	3.902680606	-0.4877906	1.28E-01	5.16E-01
mmu-miR-6972-3p	3.902245642	-0.4877906	1.29E-01	5.16E-01
mmu-miR-8097	3.91645393	-0.48593825	1.29E-01	5.16E-01
mmu-miR-99b-3p	0.62270642	3.3744137	1.31E-01	5.23E-01
mmu-miR-19b-1-5p	-1.932162278	0.00549525	1.32E-01	5.23E-01
mmu-miR-1843a-3p	0.85123521	2.96016828	1.35E-01	5.26E-01
mmu-miR-31-5p	-0.475735144	11.35072484	1.35E-01	5.26E-01
mmu-miR-26a-2-3p	0.58503781	3.67478581	1.37E-01	5.26E-01
mmu-miR-26a-5p	0.44584669	13.24426955	1.37E-01	5.26E-01
mmu-miR-3061-5p	-1.954415657	0.04418814	1.37E-01	5.26E-01
mmu-miR-5126	1.00678878	2.10546857	1.38E-01	5.26E-01
mmu-let-7b-5p	0.436824614	11.4726948	1.38E-01	5.26E-01
mmu-miR-455-5p	-3.778303514	-0.48664787	1.39E-01	5.26E-01
mmu-let-7i-5p	-0.445717125	12.76792909	1.47E-01	5.53E-01
mmu-miR-6922-3p	-3.794759504	-0.48599484	1.49E-01	5.57E-01
mmu-miR-25-5p	-0.619892597	5.28998144	1.49E-01	5.57E-01
mmu-miR-1943-5p	0.886322374	1.35539576	1.51E-01	5.58E-01
mmu-miR-146a-5p	0.604353125	3.82187913	1.51E-01	5.58E-01
mmu-miR-379-5p	3.815970432	-0.55601896	1.52E-01	5.58E-01
mmu-miR-7064-5p	3.780705056	-0.55980021	1.53E-01	5.58E-01
mmu-miR-215-5p	-0.473205559	17.38683166	1.56E-01	5.58E-01
mmu-miR-342-3p	0.468549417	7.04064157	1.56E-01	5.58E-01
mmu-miR-215-3p	-0.502670675	11.20408412	1.56E-01	5.58E-01
mmu-miR-6943-3p	3.782004277	-0.55980021	1.56E-01	5.58E-01
mmu-miR-10b-5p	-1.023788788	10.0672309	1.58E-01	5.62E-01
mmu-miR-106a-5p	-2.091831901	0.05873743	1.60E-01	5.67E-01
mmu-miR-148b-3p	0.466309776	11.1901206	1.61E-01	5.67E-01
mmu-miR-6911-3p	-1.404674587	0.98254465	1.63E-01	5.72E-01
mmu-miR-25-3p	-0.42833067	12.37916728	1.67E-01	5.83E-01
mmu-miR-190a-5p	-0.574563711	3.11958919	1.69E-01	5.85E-01
mmu-miR-32-3p	-0.783956969	1.29676968	1.72E-01	5.95E-01
mmu-miR-30c-5p	-0.397466598	10.59608484	1.74E-01	5.98E-01
mmu-miR-16-1-3p	-0.643986895	2.27331681	1.78E-01	6.07E-01
mmu-miR-183-5p	0.733566724	12.69556973	1.88E-01	6.39E-01
mmu-miR-339-5p	-0.439007231	4.19333942	1.92E-01	6.49E-01
mmu-miR-1930-5p	1.802279829	0.02302527	1.94E-01	6.52E-01
mmu-miR-6944-3p	0.874828517	1.21940446	1.97E-01	6.58E-01
mmu-miR-378a-5p	-0.468614795	6.49871726	2.01E-01	6.69E-01
mmu-miR-29b-1-5p	0.80739731	1.24586342	2.06E-01	6.85E-01
mmu-miR-3095-3p	3.614369253	-0.57446056	2.09E-01	6.89E-01
mmu-miR-7091-3p	3.612985925	-0.57446056	2.11E-01	6.92E-01
mmu-miR-421-5p	-3.642436558	-0.50321372	2.13E-01	6.92E-01
mmu-miR-431-5p	3.612180821	-0.57446056	2.13E-01	6.92E-01
mmu-miR-191-5p	0.501635395	15.56134972	2.21E-01	7.16E-01
mmu-miR-3076-3p	-0.671829196	2.22647335	2.23E-01	7.17E-01
mmu-miR-141-3p	0.513473077	11.14735677	2.23E-01	7.17E-01
mmu-let-7c-1-3p	-3.505404736	-0.5719685	2.25E-01	7.19E-01
mmu-miR-7085-3p	-3.461122607	-0.57715912	2.28E-01	7.25E-01
mmu-miR-30a-5p	-0.380391524	12.89954383	2.30E-01	7.29E-01
mmu-miR-1956	-1.806277043	0.24423905	2.32E-01	7.32E-01
mmu-miR-93-5p	-0.354488879	11.6413031	2.34E-01	7.32E-01
mmu-miR-615-3p	3.814003206	-0.49149127	2.35E-01	7.32E-01
mmu-miR-33-3p	0.652229159	1.90856516	2.39E-01	7.41E-01
mmu-miR-423-3p	-0.456931806	10.68870971	2.42E-01	7.46E-01
mmu-miR-1960	-1.257811126	0.36832214	2.43E-01	7.46E-01
mmu-miR-1843b-5p	0.386572368	4.69348442	2.43E-01	7.46E-01
mmu-miR-27a-5p	-0.425629176	3.86460923	2.44E-01	7.46E-01
mmu-miR-200c-3p	0.381490764	11.4386695	2.46E-01	7.48E-01
mmu-miR-107-5p	-1.105224706	0.16084989	2.49E-01	7.52E-01
mmu-let-7c-2-3p	-0.465467203	3.47199259	2.50E-01	7.52E-01
mmu-let-7a-1-3p	-0.465467203	3.47199259	2.50E-01	7.52E-01
mmu-miR-21a-3p	-0.42316363	6.46953631	2.51E-01	7.52E-01
mmu-miR-7015-3p	0.61338365	1.45595371	2.54E-01	7.57E-01
mmu-miR-486a-5p	-0.348123661	7.2050403	2.58E-01	7.68E-01
mmu-miR-486b-5p	-0.348123661	7.2050403	2.58E-01	7.68E-01
mmu-miR-125b-2-3p	-0.815027723	1.22163358	2.61E-01	7.73E-01
mmu-miR-301b-3p	-0.378456317	5.77945623	2.63E-01	7.73E-01
mmu-miR-125b-5p	0.655349785	2.41014359	2.63E-01	7.73E-01
mmu-miR-143-3p	0.542024041	3.71622924	2.66E-01	7.77E-01
mmu-miR-181d-5p	-0.369662296	8.83696761	2.69E-01	7.78E-01
mmu-miR-378b	-0.5108405	2.62532838	2.69E-01	7.78E-01
mmu-miR-182-5p	0.365478234	15.87215375	2.69E-01	7.78E-01
mmu-miR-5615-3p	-3.372560563	-0.61636774	2.74E-01	7.86E-01
mmu-miR-652-3p	0.398920966	8.42007717	2.75E-01	7.88E-01
mmu-miR-5114	0.487887773	2.47645595	2.78E-01	7.91E-01
mmu-let-7a-5p	0.324940303	12.50558895	2.79E-01	7.91E-01
mmu-miR-133a-3p	0.586935571	1.73918323	2.80E-01	7.91E-01
mmu-miR-29a-3p	0.357201842	9.95170912	2.84E-01	7.99E-01
mmu-miR-15b-5p	-0.356738401	9.58754333	2.91E-01	8.16E-01
mmu-miR-1981-3p	-0.435266166	4.87976893	2.95E-01	8.24E-01
mmu-miR-98-5p	-0.310538346	10.03173956	3.05E-01	8.44E-01
mmu-miR-6538	0.541129727	2.31258027	3.05E-01	8.44E-01
mmu-miR-100-5p	1.125149406	0.37087556	3.12E-01	8.61E-01
mmu-miR-1843a-5p	0.34066813	4.66808009	3.13E-01	8.61E-01
mmu-miR-6969-5p	3.617950312	-0.57070461	3.23E-01	8.85E-01
mmu-miR-301b-5p	-3.664939522	-0.49813443	3.25E-01	8.85E-01
mmu-miR-151-3p	0.401297539	12.89776656	3.26E-01	8.85E-01
mmu-miR-298-5p	-0.355557645	4.50787399	3.31E-01	8.97E-01
mmu-miR-18a-3p	-0.32806276	4.96830871	3.34E-01	8.99E-01
mmu-miR-7650-5p	1.437633011	-0.33460354	3.41E-01	9.14E-01
mmu-miR-28c	-0.288902079	8.06672801	3.43E-01	9.14E-01
mmu-miR-3572-3p	-3.342230599	-0.58877495	3.44E-01	9.14E-01
mmu-miR-28a-5p	-0.288903291	8.06672801	3.44E-01	9.14E-01
mmu-miR-3098-3p	0.69242079	0.73387504	3.49E-01	9.19E-01
mmu-miR-30e-3p	-0.271726453	8.28614805	3.49E-01	9.19E-01
mmu-miR-142a-5p	-0.618210422	3.18628773	3.52E-01	9.24E-01
mmu-miR-185-3p	-0.42990217	2.18304811	3.56E-01	9.29E-01
mmu-miR-1936	0.756553232	0.40746143	3.57E-01	9.29E-01
mmu-miR-30c-2-3p	0.321852107	5.87557723	3.65E-01	9.46E-01
mmu-miR-362-5p	-0.513661265	2.06982281	3.78E-01	9.76E-01
mmu-miR-877-5p	-0.586487764	2.58068104	3.79E-01	9.76E-01
mmu-miR-196a-5p	-0.809697153	0.54418577	3.82E-01	9.79E-01
mmu-miR-1199-5p	1.219966691	0.46116646	3.85E-01	9.84E-01
mmu-miR-96-5p	0.338066929	6.21262467	3.93E-01	9.99E-01
mmu-miR-3057-5p	0.313518813	3.62314006	3.94E-01	9.99E-01
mmu-miR-296-3p	0.993769982	0.21269199	3.96E-01	1.00E+00
mmu-miR-16-5p	-0.267651015	11.83569494	4.02E-01	1.00E+00
mmu-miR-365-3p	-0.399976253	3.69020191	4.03E-01	1.00E+00
mmu-miR-3068-5p	0.797012052	0.42561623	4.05E-01	1.00E+00
mmu-miR-7046-3p	-1.054157367	0.5813919	4.05E-01	1.00E+00
mmu-miR-224-5p	0.245791756	6.97588192	4.13E-01	1.00E+00
mmu-miR-3087-3p	3.713844194	-0.64262484	4.14E-01	1.00E+00
mmu-miR-1933-3p	0.527688203	1.62766264	4.14E-01	1.00E+00
mmu-miR-7063-5p	3.714405713	-0.64262484	4.15E-01	1.00E+00
mmu-let-7f-2-3p	-0.411164429	2.46612048	4.16E-01	1.00E+00
mmu-miR-532-5p	-0.248785097	8.5734984	4.18E-01	1.00E+00
mmu-miR-27a-3p	0.295815573	7.77480742	4.19E-01	1.00E+00
mmu-miR-106b-3p	-0.254289009	7.37132848	4.19E-01	1.00E+00
mmu-miR-7688-5p	0.346502416	2.91676815	4.23E-01	1.00E+00
mmu-miR-1191a	-0.803875889	0.40310787	4.27E-01	1.00E+00
mmu-miR-199b-3p	1.284448894	-0.09857743	4.29E-01	1.00E+00
mmu-miR-199a-3p	1.284448894	-0.09857743	4.29E-01	1.00E+00
mmu-miR-194-5p	-0.269133391	14.2839686	4.31E-01	1.00E+00
mmu-miR-6240	0.290786577	6.50431355	4.44E-01	1.00E+00
mmu-miR-361-3p	-0.257945876	5.7111185	4.45E-01	1.00E+00
mmu-miR-7226-3p	-0.362202942	2.18897627	4.45E-01	1.00E+00
mmu-miR-148b-5p	-0.234915294	5.41677578	4.46E-01	1.00E+00
mmu-miR-141-5p	-0.222537513	7.70484919	4.46E-01	1.00E+00
mmu-miR-219c-5p	3.153947112	-0.67057221	4.55E-01	1.00E+00
mmu-miR-7652-3p	3.153483389	-0.67057221	4.57E-01	1.00E+00
mmu-miR-7236-3p	3.244276376	-0.66486815	4.57E-01	1.00E+00
mmu-miR-346-5p	3.152747618	-0.67057221	4.59E-01	1.00E+00
mmu-miR-485-3p	3.243888163	-0.66486815	4.59E-01	1.00E+00
mmu-miR-369-5p	3.152055181	-0.67057221	4.61E-01	1.00E+00
mmu-miR-6899-3p	1.557405218	-0.31175449	4.63E-01	1.00E+00
mmu-miR-3079-5p	3.150543332	-0.67057221	4.65E-01	1.00E+00
mmu-miR-673-5p	3.150124409	-0.67057221	4.66E-01	1.00E+00
mmu-miR-188-3p	-3.245701591	-0.59393467	4.67E-01	1.00E+00
mmu-miR-28a-3p	-0.222863852	8.3244022	4.69E-01	1.00E+00
mmu-miR-3109-5p	-3.244856537	-0.59393467	4.70E-01	1.00E+00
mmu-miR-219a-1-3p	0.292822374	2.71977987	4.73E-01	1.00E+00
mmu-miR-702-3p	-0.472584899	2.03148556	4.74E-01	1.00E+00
mmu-miR-3060-3p	0.451420031	1.19439795	4.75E-01	1.00E+00
mmu-miR-194-2-3p	0.217099852	7.52696712	4.75E-01	1.00E+00
mmu-let-7f-1-3p	-0.280145687	3.90190249	4.77E-01	1.00E+00
mmu-miR-182-3p	0.375828082	1.74679827	4.77E-01	1.00E+00
mmu-miR-140-3p	0.210880783	9.82262299	4.78E-01	1.00E+00
mmu-miR-7091-5p	1.141457332	-0.41374624	4.80E-01	1.00E+00
mmu-miR-140-5p	-0.262224541	3.36682129	4.80E-01	1.00E+00
mmu-miR-22-3p	0.242726179	13.60214683	4.84E-01	1.00E+00
mmu-miR-200a-3p	0.226928929	11.02471188	4.86E-01	1.00E+00
mmu-miR-6992-5p	-3.003531582	-0.674682	4.86E-01	1.00E+00
mmu-miR-6960-5p	-3.003305353	-0.674682	4.89E-01	1.00E+00
mmu-miR-9769-3p	-0.999779316	0.40100142	4.90E-01	1.00E+00
mmu-miR-342-5p	0.300651328	3.85798479	4.90E-01	1.00E+00
mmu-miR-674-5p	-0.272453892	3.33757586	4.92E-01	1.00E+00
mmu-miR-24-3p	0.252231076	7.45577652	4.93E-01	1.00E+00
mmu-miR-24-2-5p	-0.30464334	3.53304004	4.95E-01	1.00E+00
mmu-miR-423-5p	0.251590483	8.09033341	4.97E-01	1.00E+00
mmu-miR-30c-1-3p	-0.235783625	5.41299282	4.98E-01	1.00E+00
mmu-miR-3061-3p	-0.47094981	1.63949435	5.01E-01	1.00E+00
mmu-miR-6955-5p	3.147089052	-0.75058652	5.03E-01	1.00E+00
mmu-miR-376b-5p	3.147737797	-0.75058652	5.04E-01	1.00E+00
mmu-miR-6985-3p	3.14953837	-0.75058652	5.07E-01	1.00E+00
mmu-miR-6911-5p	3.151226495	-0.75058652	5.10E-01	1.00E+00
mmu-miR-6962-3p	3.151787339	-0.75058652	5.11E-01	1.00E+00
mmu-miR-1983	-0.263927802	4.53647364	5.12E-01	1.00E+00
mmu-miR-873a-3p	3.154541065	-0.75058652	5.16E-01	1.00E+00
mmu-miR-652-5p	3.154727124	-0.75058652	5.17E-01	1.00E+00
mmu-miR-7219-3p	3.157282247	-0.75058652	5.22E-01	1.00E+00
mmu-miR-224-3p	3.158388447	-0.75058652	5.24E-01	1.00E+00
mmu-miR-5103	3.160154177	-0.75058652	5.27E-01	1.00E+00
mmu-miR-186-5p	-0.19064123	10.16619701	5.32E-01	1.00E+00
mmu-miR-744-5p	0.20593909	8.95849052	5.33E-01	1.00E+00
mmu-miR-191-3p	-0.220160742	4.70396402	5.42E-01	1.00E+00
mmu-miR-23b-5p	-0.833191716	0.42987373	5.54E-01	1.00E+00
mmu-miR-21a-5p	-0.191572626	14.23938868	5.61E-01	1.00E+00
mmu-miR-3473d	0.274488928	2.42347116	5.65E-01	1.00E+00
mmu-miR-3084-3p	2.863163774	-0.75999364	5.73E-01	1.00E+00
mmu-miR-671-5p	-0.25274659	2.64331917	5.80E-01	1.00E+00
mmu-miR-331-3p	-0.176578077	5.58484898	5.81E-01	1.00E+00
mmu-miR-26a-1-3p	0.357420751	3.0398529	5.89E-01	1.00E+00
mmu-miR-664-3p	0.279445348	2.0720389	5.94E-01	1.00E+00
mmu-miR-181a-2-3p	0.258150643	4.80821874	5.97E-01	1.00E+00
mmu-miR-6399	-1.060253825	-0.31850187	5.99E-01	1.00E+00
mmu-miR-5099	-0.18425011	5.08092762	6.01E-01	1.00E+00
mmu-miR-8114	0.371686128	1.5796898	6.02E-01	1.00E+00
mmu-miR-330-3p	0.223584034	2.71023467	6.16E-01	1.00E+00
mmu-miR-7a-1-3p	-0.183565847	4.66855247	6.18E-01	1.00E+00
mmu-miR-3068-3p	-0.207138232	3.15276774	6.19E-01	1.00E+00
mmu-miR-429-3p	0.147821035	11.85819793	6.21E-01	1.00E+00
mmu-miR-500-3p	0.224017431	3.3091456	6.27E-01	1.00E+00
mmu-miR-501-3p	0.209914034	4.28948099	6.29E-01	1.00E+00
mmu-miR-362-3p	-0.293938059	1.53886877	6.36E-01	1.00E+00
mmu-miR-3082-3p	0.237578154	3.65959075	6.42E-01	1.00E+00
mmu-miR-23a-3p	0.179074195	7.11860174	6.46E-01	1.00E+00
mmu-miR-323-3p	2.739017455	-0.765502	6.55E-01	1.00E+00
mmu-miR-99a-5p	0.246810736	4.2923767	6.56E-01	1.00E+00
mmu-miR-122-5p	2.738689928	-0.765502	6.56E-01	1.00E+00
mmu-miR-505-5p	2.738442101	-0.765502	6.57E-01	1.00E+00
mmu-miR-7677-3p	-1.265597669	-0.12510581	6.60E-01	1.00E+00
mmu-miR-187-5p	2.737499157	-0.765502	6.60E-01	1.00E+00
mmu-miR-26b-3p	-0.139663551	6.16773956	6.62E-01	1.00E+00
mmu-miR-5100	-0.168646352	3.44480176	6.62E-01	1.00E+00
mmu-miR-496a-3p	2.736875746	-0.765502	6.63E-01	1.00E+00
mmu-miR-1933-5p	2.736816441	-0.765502	6.63E-01	1.00E+00
mmu-miR-383-5p	2.73613864	-0.765502	6.66E-01	1.00E+00
mmu-miR-7662-5p	2.736006074	-0.765502	6.66E-01	1.00E+00
mmu-let-7i-3p	-0.197223413	2.85143865	6.66E-01	1.00E+00
mmu-miR-487b-3p	2.651424052	-0.76935553	6.67E-01	1.00E+00
mmu-miR-223-5p	2.735797683	-0.765502	6.67E-01	1.00E+00
mmu-miR-29b-2-5p	0.907277489	-0.27029882	6.68E-01	1.00E+00
mmu-miR-6546-3p	2.650191315	-0.76935553	6.69E-01	1.00E+00
mmu-miR-7048-3p	2.735225056	-0.765502	6.69E-01	1.00E+00
mmu-let-7b-3p	0.148996096	5.89434892	6.70E-01	1.00E+00
mmu-miR-5123	2.735169824	-0.765502	6.70E-01	1.00E+00
mmu-miR-3069-3p	2.648970524	-0.76935553	6.72E-01	1.00E+00
mmu-miR-193a-5p	2.734570521	-0.765502	6.72E-01	1.00E+00
mmu-miR-1934-3p	2.64865467	-0.76935553	6.73E-01	1.00E+00
mmu-miR-320-5p	-2.786496137	-0.76018347	6.73E-01	1.00E+00
mmu-miR-184-5p	2.648180668	-0.76935553	6.74E-01	1.00E+00
mmu-miR-467e-5p	2.648153001	-0.76935553	6.74E-01	1.00E+00
mmu-miR-6908-3p	2.648139246	-0.76935553	6.74E-01	1.00E+00
mmu-miR-208b-3p	-0.606202983	1.02775297	6.75E-01	1.00E+00
mmu-miR-7032-3p	-2.787836287	-0.76018347	6.75E-01	1.00E+00
mmu-miR-543-3p	2.646944143	-0.76935553	6.76E-01	1.00E+00
mmu-miR-598-5p	2.646736015	-0.76935553	6.77E-01	1.00E+00
mmu-miR-363-5p	-2.789082186	-0.76018347	6.77E-01	1.00E+00
mmu-miR-154-5p	2.646458771	-0.76935553	6.78E-01	1.00E+00
mmu-miR-5134-5p	2.646208524	-0.76935553	6.78E-01	1.00E+00
mmu-miR-3102-3p.2-3p	-2.790188815	-0.76018347	6.79E-01	1.00E+00
mmu-miR-7663-3p	-2.790226028	-0.76018347	6.79E-01	1.00E+00
mmu-miR-3066-3p	2.645470456	-0.76935553	6.80E-01	1.00E+00
mmu-miR-338-3p	2.644839739	-0.76935553	6.81E-01	1.00E+00
mmu-miR-7075-3p	-2.791480407	-0.76018347	6.82E-01	1.00E+00
mmu-let-7d-3p	-0.122649588	9.23143408	6.82E-01	1.00E+00
mmu-miR-130a-5p	2.643598641	-0.76935553	6.84E-01	1.00E+00
mmu-miR-6994-3p	-2.792884607	-0.76018347	6.84E-01	1.00E+00
mmu-miR-7653-3p	2.643222217	-0.76935553	6.85E-01	1.00E+00
mmu-miR-7036b-5p	2.642871772	-0.76935553	6.86E-01	1.00E+00
mmu-miR-7231-5p	-2.794277009	-0.76018347	6.87E-01	1.00E+00
mmu-miR-26b-5p	0.120172835	11.79120918	6.88E-01	1.00E+00
mmu-miR-30b-3p	0.1427988	5.53224603	6.89E-01	1.00E+00
mmu-miR-677-3p	-2.795538694	-0.76018347	6.89E-01	1.00E+00
mmu-miR-374c-5p	-0.137276724	5.87592854	6.96E-01	1.00E+00
mmu-miR-374b-5p	-0.137271033	5.87592854	6.96E-01	1.00E+00
mmu-miR-1947-5p	-0.144726817	4.68762957	6.99E-01	1.00E+00
mmu-miR-98-3p	-0.247474825	2.65694834	7.05E-01	1.00E+00
mmu-miR-192-3p	0.136438745	6.78956947	7.07E-01	1.00E+00
mmu-let-7f-5p	-0.124768638	13.15860253	7.10E-01	1.00E+00
mmu-miR-6909-3p	-2.50417512	-0.77213872	7.12E-01	1.00E+00
mmu-miR-200a-5p	-0.118317909	8.15907166	7.12E-01	1.00E+00
mmu-miR-30a-3p	-0.11205355	7.45057229	7.12E-01	1.00E+00
mmu-miR-6930-5p	-2.504029012	-0.77213872	7.13E-01	1.00E+00
mmu-miR-1982-3p	-0.515472226	0.42712798	7.15E-01	1.00E+00
mmu-miR-3094-5p	-2.503807523	-0.77213872	7.15E-01	1.00E+00
mmu-miR-322-3p	-2.503619454	-0.77213872	7.17E-01	1.00E+00
mmu-miR-7029-5p	-2.50342904	-0.77213872	7.19E-01	1.00E+00
mmu-miR-1929-5p	-2.50328325	-0.77213872	7.20E-01	1.00E+00
mmu-miR-7647-5p	-2.503230438	-0.77213872	7.20E-01	1.00E+00
mmu-miR-7648-3p	-2.502942505	-0.77213872	7.23E-01	1.00E+00
mmu-miR-6964-3p	-2.502812923	-0.77213872	7.24E-01	1.00E+00
mmu-miR-34b-5p	-0.242010319	1.63650244	7.25E-01	1.00E+00
mmu-miR-146b-3p	-2.502560084	-0.77213872	7.27E-01	1.00E+00
mmu-miR-29c-3p	0.156133	4.08013156	7.28E-01	1.00E+00
mmu-miR-7008-5p	-2.502431809	-0.77213872	7.28E-01	1.00E+00
mmu-miR-3102-5p	-2.502293307	-0.77213872	7.30E-01	1.00E+00
mmu-miR-7689-3p	-2.384899643	-0.77749534	7.30E-01	1.00E+00
mmu-miR-7687-5p	-2.384850071	-0.77749534	7.31E-01	1.00E+00
mmu-miR-193b-3p	0.142607888	4.40661958	7.31E-01	1.00E+00
mmu-miR-7051-5p	-2.384633981	-0.77749534	7.31E-01	1.00E+00
mmu-miR-145a-5p	-2.384625631	-0.77749534	7.31E-01	1.00E+00
mmu-miR-6996-5p	-2.50203538	-0.77213872	7.32E-01	1.00E+00
mmu-miR-6971-3p	-2.384316617	-0.77749534	7.32E-01	1.00E+00
mmu-miR-7213-5p	-2.383887435	-0.77749534	7.34E-01	1.00E+00
mmu-miR-29c-5p	0.182271131	2.10655109	7.34E-01	1.00E+00
mmu-miR-30b-5p	0.115832324	9.72524566	7.35E-01	1.00E+00
mmu-miR-1943-3p	-2.501776686	-0.77213872	7.35E-01	1.00E+00
mmu-miR-6936-3p	-2.383496557	-0.77749534	7.35E-01	1.00E+00
mmu-miR-7674-3p	-2.383488648	-0.77749534	7.35E-01	1.00E+00
mmu-miR-6937-3p	-2.383457001	-0.77749534	7.36E-01	1.00E+00
mmu-miR-6941-3p	-2.383387995	-0.77749534	7.36E-01	1.00E+00
mmu-miR-500-5p	-2.383282013	-0.77749534	7.36E-01	1.00E+00
mmu-miR-6932-5p	-2.383025552	-0.77749534	7.37E-01	1.00E+00
mmu-miR-7682-3p	-2.383012573	-0.77749534	7.37E-01	1.00E+00
mmu-miR-6918-5p	-2.382183646	-0.77749534	7.40E-01	1.00E+00
mmu-miR-363-3p	-0.33749054	1.60984473	7.41E-01	1.00E+00
mmu-miR-345-3p	-0.107809433	6.10177849	7.43E-01	1.00E+00
mmu-miR-3069-5p	-2.381355666	-0.77749534	7.43E-01	1.00E+00
mmu-miR-341-3p	-2.380528856	-0.77749534	7.47E-01	1.00E+00
mmu-miR-200b-3p	0.097040813	14.16055221	7.47E-01	1.00E+00
mmu-miR-365-2-5p	0.251653668	1.68239813	7.47E-01	1.00E+00
mmu-miR-3073b-3p	-2.380053672	-0.77749534	7.48E-01	1.00E+00
mmu-miR-211-5p	-2.380016154	-0.77749534	7.49E-01	1.00E+00
mmu-miR-324-5p	-0.120023681	4.75107401	7.53E-01	1.00E+00
mmu-miR-33-5p	0.319720278	1.33231706	7.54E-01	1.00E+00
mmu-miR-320-3p	0.098467091	9.76278143	7.55E-01	1.00E+00
mmu-miR-324-3p	-0.09622899	4.94403944	7.59E-01	1.00E+00
mmu-miR-3074-1-3p	0.367603439	0.36769169	7.59E-01	1.00E+00
mmu-miR-101a-5p	0.290957367	0.63307374	7.60E-01	1.00E+00
mmu-miR-1948-3p	0.218413197	2.13920926	7.60E-01	1.00E+00
mmu-let-7d-5p	0.097842353	10.64453956	7.60E-01	1.00E+00
mmu-miR-30d-3p	0.097577389	6.0598089	7.65E-01	1.00E+00
mmu-miR-1839-5p	0.096098325	7.59850318	7.66E-01	1.00E+00
mmu-miR-6939-3p	0.678493061	-0.56773258	7.66E-01	1.00E+00
mmu-miR-3086-5p	-0.725335557	-0.39999363	7.66E-01	1.00E+00
mmu-miR-150-5p	-0.282632435	1.51040171	7.66E-01	1.00E+00
mmu-miR-5104	-0.73254779	-0.40867201	7.68E-01	1.00E+00
mmu-miR-340-5p	0.110426627	7.13470286	7.68E-01	1.00E+00
mmu-miR-34c-3p	0.273477199	0.77560745	7.72E-01	1.00E+00
mmu-miR-22-5p	0.133862353	3.60376101	7.78E-01	1.00E+00
mmu-miR-181b-5p	-0.118821505	8.64570689	7.78E-01	1.00E+00
mmu-miR-331-5p	-0.31071096	1.45227369	7.80E-01	1.00E+00
mmu-miR-582-5p	0.112625661	3.77758417	7.80E-01	1.00E+00
mmu-miR-7237-3p	-1.054795915	-0.24290561	7.82E-01	1.00E+00
mmu-miR-181a-1-3p	0.106262234	5.37524994	7.82E-01	1.00E+00
mmu-miR-664-5p	0.125461698	2.88904851	7.83E-01	1.00E+00
mmu-miR-29b-3p	-0.110432441	3.1533569	7.83E-01	1.00E+00
mmu-miR-345-5p	0.089951588	6.3659367	7.84E-01	1.00E+00
mmu-miR-3074-5p	-0.329119668	0.79248958	7.87E-01	1.00E+00
mmu-miR-505-3p	-0.500934595	-0.06110672	7.87E-01	1.00E+00
mmu-miR-339-3p	0.087813418	4.65204923	7.95E-01	1.00E+00
mmu-miR-301a-3p	-0.088095793	8.29723149	7.98E-01	1.00E+00
mmu-miR-361-5p	-0.095110092	6.94432041	8.06E-01	1.00E+00
mmu-miR-196b-5p	0.096629419	3.37819613	8.08E-01	1.00E+00
mmu-miR-7068-3p	-0.135349519	2.70534189	8.12E-01	1.00E+00
mmu-miR-138-5p	-0.17456018	1.26940969	8.18E-01	1.00E+00
mmu-miR-96-3p	-0.20100964	1.28808423	8.21E-01	1.00E+00
mmu-miR-7240-5p	0.493087513	-0.25634298	8.22E-01	1.00E+00
mmu-miR-192-5p	-0.069921813	18.14968966	8.26E-01	1.00E+00
mmu-miR-15a-5p	-0.067808059	7.45550569	8.34E-01	1.00E+00
mmu-miR-219a-5p	-0.287168958	0.33640242	8.45E-01	1.00E+00
mmu-miR-1981-5p	0.074350092	6.15089088	8.50E-01	1.00E+00
mmu-miR-6989-3p	0.479495053	-0.1032276	8.59E-01	1.00E+00
mmu-miR-10a-3p	0.121976031	1.70327753	8.63E-01	1.00E+00
mmu-miR-7035-3p	0.264823939	0.31041122	8.67E-01	1.00E+00
mmu-miR-874-3p	-0.140692416	3.23487834	8.69E-01	1.00E+00
mmu-miR-24-1-5p	-0.465419456	0.09362794	8.73E-01	1.00E+00
mmu-miR-128-1-5p	0.06980896	4.5430042	8.75E-01	1.00E+00
mmu-miR-3102-3p	0.100099274	2.04043087	8.80E-01	1.00E+00
mmu-miR-425-3p	0.049570207	5.24406276	8.87E-01	1.00E+00
mmu-miR-8111	-0.246170728	0.52797695	8.88E-01	1.00E+00
mmu-miR-34a-3p	0.252218488	0.22217985	9.03E-01	1.00E+00
mmu-miR-452-5p	-0.095774733	1.14771886	9.04E-01	1.00E+00
mmu-miR-30d-5p	0.034859661	13.79869401	9.12E-01	1.00E+00
mmu-miR-34c-5p	-0.052002255	6.84147765	9.12E-01	1.00E+00
mmu-miR-151-5p	0.032322099	10.63289648	9.13E-01	1.00E+00
mmu-miR-23b-3p	-0.032794257	9.96391739	9.13E-01	1.00E+00
mmu-miR-146b-5p	0.040215096	7.60245549	9.14E-01	1.00E+00
mmu-miR-296-5p	-0.160178655	1.27421324	9.18E-01	1.00E+00
mmu-miR-32-5p	0.072266787	2.6454889	9.25E-01	1.00E+00
mmu-miR-200c-5p	-0.052032139	3.7055228	9.32E-01	1.00E+00
mmu-miR-1964-3p	0.049929535	3.70131971	9.34E-01	1.00E+00
mmu-miR-190b-5p	0.094932606	1.88161223	9.34E-01	1.00E+00
mmu-miR-181c-5p	0.027839948	9.84927459	9.40E-01	1.00E+00
mmu-miR-185-5p	-0.030795918	4.37010402	9.59E-01	1.00E+00
mmu-let-7g-5p	-0.01223848	12.42542099	9.67E-01	1.00E+00
mmu-miR-27b-3p	-0.006761019	14.36927455	9.83E-01	1.00E+00
mmu-miR-425-5p	-0.005210492	9.49479778	9.88E-01	1.00E+00
mmu-miR-328-3p	-0.004561316	6.78870655	9.95E-01	1.00E+00
mmu-miR-183-3p	-0.005545984	6.10502906	9.95E-01	1.00E+00
mmu-miR-8103	-0.161546244	0.92741711	1.00E+00	1.00E+00
mmu-miR-326-5p	-0.510368865	-0.42135984	1.00E+00	1.00E+00
mmu-miR-3064-5p	-0.620186516	-0.42000294	1.00E+00	1.00E+00
mmu-miR-9-5p	-0.918500585	-0.70775945	1.00E+00	1.00E+00
mmu-miR-6516-3p	0.063325234	0.25937291	1.00E+00	1.00E+00
mmu-miR-6948-3p	-0.115013778	0.48790338	1.00E+00	1.00E+00
mmu-miR-6990-5p	-0.232886102	-0.32102587	1.00E+00	1.00E+00
mmu-miR-455-3p	-0.289601504	-0.04762316	1.00E+00	1.00E+00
mmu-miR-34b-3p	0.029671897	2.0902725	1.00E+00	1.00E+00
mmu-miR-3084-5p	-1.74524148	-0.87692845	1.00E+00	1.00E+00
mmu-miR-1839-3p	0.011787547	2.70872345	1.00E+00	1.00E+00
mmu-miR-344-3p	1.946293532	-0.87356166	1.00E+00	1.00E+00
mmu-miR-1258-5p	1.946191142	-0.87356166	1.00E+00	1.00E+00
mmu-miR-704	-0.141175251	0.68168629	1.00E+00	1.00E+00
mmu-let-7j	-0.104415077	1.69559701	1.00E+00	1.00E+00
mmu-miR-1958	-2.066580699	-0.8276048	1.00E+00	1.00E+00
mmu-miR-7065-3p	-1.985287954	-0.87087628	1.00E+00	1.00E+00
mmu-miR-103-1-5p	-1.745220049	-0.87692845	1.00E+00	1.00E+00
mmu-miR-6967-3p	-1.744885133	-0.87692845	1.00E+00	1.00E+00
mmu-miR-6395	-1.083298675	-0.93380926	1.00E+00	1.00E+00
mmu-miR-3098-5p	-0.851915562	-0.61441	1.00E+00	1.00E+00
mmu-miR-6909-5p	-0.574025381	-0.41636344	1.00E+00	1.00E+00
mmu-miR-3109-3p	-0.573949944	-0.41636344	1.00E+00	1.00E+00
mmu-miR-7033-5p	-0.414903135	-0.43733371	1.00E+00	1.00E+00
mmu-miR-676-5p	-0.412195693	0.11462064	1.00E+00	1.00E+00
mmu-miR-23a-5p	0.322220853	-0.58234386	1.00E+00	1.00E+00
mmu-miR-1306-3p	0.321665979	-0.58234386	1.00E+00	1.00E+00
mmu-miR-7655-3p	0.249363402	-0.58608318	1.00E+00	1.00E+00
mmu-miR-7054-5p	-0.246121045	-0.222188	1.00E+00	1.00E+00
mmu-miR-3473g	0.233347915	-0.5771637	1.00E+00	1.00E+00
mmu-miR-6946-3p	-0.225256216	-0.50310166	1.00E+00	1.00E+00
mmu-miR-874-5p	-0.188627096	-0.1117745	1.00E+00	1.00E+00
mmu-miR-6997-5p	0.162159442	-0.58091006	1.00E+00	1.00E+00
mmu-miR-486b-3p	0.161691687	-0.58091006	1.00E+00	1.00E+00
mmu-miR-486a-3p	0.160490133	-0.58091006	1.00E+00	1.00E+00
mmu-miR-5128	0.128083998	-0.92339811	1.00E+00	1.00E+00
mmu-miR-5122	-0.109011538	0.31103591	1.00E+00	1.00E+00
mmu-miR-1949	-0.103705257	0.46270817	1.00E+00	1.00E+00
mmu-miR-1927	-0.088834392	0.80623747	1.00E+00	1.00E+00
mmu-miR-7083-5p	0.075410929	-0.07747272	1.00E+00	1.00E+00
mmu-miR-186-3p	-0.067432259	-0.56925957	1.00E+00	1.00E+00
mmu-miR-7081-3p	-0.063804891	-0.56925957	1.00E+00	1.00E+00
mmu-miR-1934-5p	0.06159577	1.23910731	1.00E+00	1.00E+00
mmu-miR-6956-3p	0.058950187	0.14870227	1.00E+00	1.00E+00
mmu-miR-6988-3p	-0.057201519	1.15696876	1.00E+00	1.00E+00
mmu-miR-20b-5p	-0.016423331	0.16211141	1.00E+00	1.00E+00
mmu-miR-501-5p	0.008713557	1.02655639	1.00E+00	1.00E+00
mmu-miR-872-5p	0.005529101	5.98415062	1.00E+00	1.00E+00
mmu-miR-340-3p	-0.003374401	2.89034727	1.00E+00	1.00E+00
mmu-miR-708-5p	0	-0.99023198	1.00E+00	1.00E+00
mmu-miR-708-3p	0	-0.99023198	1.00E+00	1.00E+00
mmu-miR-99a-3p	0	-0.99023198	1.00E+00	1.00E+00
mmu-miR-196a-1-3p	0	-0.99023198	1.00E+00	1.00E+00
mmu-miR-7059-5p	0	-0.99023198	1.00E+00	1.00E+00
mmu-miR-1249-5p	0	-0.99023198	1.00E+00	1.00E+00
mmu-miR-7213-3p	0	-0.99023198	1.00E+00	1.00E+00
mmu-miR-466q	0	-0.99023198	1.00E+00	1.00E+00
mmu-miR-6769b-3p	0	-0.99023198	1.00E+00	1.00E+00
mmu-miR-873a-5p	0	-0.99023198	1.00E+00	1.00E+00
mmu-miR-467c-5p	0	-0.99023198	1.00E+00	1.00E+00
mmu-miR-5119	0	-0.99023198	1.00E+00	1.00E+00
mmu-miR-7049-5p	0	-0.99023198	1.00E+00	1.00E+00
mmu-miR-335-3p	0	-0.99023198	1.00E+00	1.00E+00
mmu-miR-1b-3p	0	-0.99023198	1.00E+00	1.00E+00
mmu-miR-6922-5p	0	-0.99023198	1.00E+00	1.00E+00
mmu-miR-7679-3p	0	-0.99023198	1.00E+00	1.00E+00
mmu-miR-6546-5p	0	-0.99023198	1.00E+00	1.00E+00
mmu-miR-199a-5p	0	-0.99023198	1.00E+00	1.00E+00
mmu-miR-760-3p	0	-0.99023198	1.00E+00	1.00E+00
mmu-miR-5132-5p	0	-0.99023198	1.00E+00	1.00E+00
mmu-miR-18b-5p	0	-0.99023198	1.00E+00	1.00E+00
mmu-miR-335-5p	0	-0.99023198	1.00E+00	1.00E+00
mmu-miR-6900-3p	0	-0.99023198	1.00E+00	1.00E+00
mmu-miR-145a-3p	0	-0.99023198	1.00E+00	1.00E+00
mmu-miR-365-1-5p	0	-0.99023198	1.00E+00	1.00E+00
mmu-miR-7661-3p	0	-0.99023198	1.00E+00	1.00E+00
mmu-miR-7093-3p	0	-0.99023198	1.00E+00	1.00E+00
mmu-miR-7008-3p	0	-0.99023198	1.00E+00	1.00E+00
mmu-miR-3108-5p	0	-0.99023198	1.00E+00	1.00E+00
mmu-miR-7212-5p	0	-0.99023198	1.00E+00	1.00E+00
mmu-miR-429-5p	0	-0.99023198	1.00E+00	1.00E+00
mmu-miR-669c-5p	0	-0.99023198	1.00E+00	1.00E+00
mmu-miR-1231-3p	0	-0.99023198	1.00E+00	1.00E+00
mmu-miR-6954-3p	0	-0.99023198	1.00E+00	1.00E+00
mmu-miR-7687-3p	0	-0.99023198	1.00E+00	1.00E+00
mmu-miR-3089-3p	0	-0.99023198	1.00E+00	1.00E+00
mmu-miR-3110-5p	0	-0.99023198	1.00E+00	1.00E+00
mmu-miR-6932-3p	0	-0.99023198	1.00E+00	1.00E+00
mmu-miR-199b-5p	0	-0.99023198	1.00E+00	1.00E+00
mmu-miR-5132-3p	0	-0.99023198	1.00E+00	1.00E+00
mmu-miR-6921-3p	0	-0.99023198	1.00E+00	1.00E+00
mmu-miR-214-3p	0	-0.99023198	1.00E+00	1.00E+00
mmu-miR-1955-3p	0	-0.99023198	1.00E+00	1.00E+00
mmu-miR-8094	0	-0.99023198	1.00E+00	1.00E+00
mmu-miR-142a-3p	0	-0.99023198	1.00E+00	1.00E+00
mmu-miR-7026-5p	0	-0.99023198	1.00E+00	1.00E+00
mmu-miR-135a-5p	0	-0.99023198	1.00E+00	1.00E+00
mmu-miR-133b-3p	0	-0.99023198	1.00E+00	1.00E+00
mmu-miR-7680-3p	0	-0.99023198	1.00E+00	1.00E+00
mmu-miR-3963	0	-0.99023198	1.00E+00	1.00E+00
mmu-miR-692	0	-0.99023198	1.00E+00	1.00E+00
mmu-miR-338-5p	0	-0.99023198	1.00E+00	1.00E+00
mmu-miR-7669-5p	0	-0.99023198	1.00E+00	1.00E+00
mmu-miR-7006-3p	0	-0.99023198	1.00E+00	1.00E+00
mmu-miR-1932	0	-0.99023198	1.00E+00	1.00E+00
mmu-miR-5620-5p	0	-0.99023198	1.00E+00	1.00E+00
mmu-miR-7671-3p	0	-0.99023198	1.00E+00	1.00E+00
mmu-miR-7658-3p	0	-0.99023198	1.00E+00	1.00E+00
mmu-miR-5627-3p	0	-0.99023198	1.00E+00	1.00E+00
mmu-miR-6951-5p	0	-0.99023198	1.00E+00	1.00E+00
mmu-miR-3099-3p	0	-0.99023198	1.00E+00	1.00E+00
mmu-miR-1930-3p	0	-0.99023198	1.00E+00	1.00E+00
mmu-miR-6976-5p	0	-0.99023198	1.00E+00	1.00E+00
mmu-miR-193b-5p	0	-0.99023198	1.00E+00	1.00E+00
mmu-miR-223-3p	0	-0.99023198	1.00E+00	1.00E+00
mmu-miR-181d-3p	0	-0.99023198	1.00E+00	1.00E+00
mmu-miR-6975-3p	0	-0.99023198	1.00E+00	1.00E+00
mmu-miR-3073a-3p	0	-0.99023198	1.00E+00	1.00E+00
mmu-miR-19a-5p	0	-0.99023198	1.00E+00	1.00E+00
mmu-miR-6955-3p	0	-0.99023198	1.00E+00	1.00E+00
mmu-miR-190a-3p	0	-0.99023198	1.00E+00	1.00E+00
mmu-miR-7052-3p	0	-0.99023198	1.00E+00	1.00E+00
mmu-miR-7030-3p	0	-0.99023198	1.00E+00	1.00E+00
mmu-miR-7647-3p	0	-0.99023198	1.00E+00	1.00E+00
mmu-miR-136-5p	0	-0.99023198	1.00E+00	1.00E+00
mmu-miR-7116-3p	0	-0.99023198	1.00E+00	1.00E+00
mmu-miR-6979-3p	0	-0.99023198	1.00E+00	1.00E+00
mmu-miR-7013-3p	0	-0.99023198	1.00E+00	1.00E+00
mmu-miR-7083-3p	0	-0.99023198	1.00E+00	1.00E+00
mmu-miR-3077-3p	0	-0.99023198	1.00E+00	1.00E+00
mmu-miR-6897-5p	0	-0.99023198	1.00E+00	1.00E+00
mmu-miR-7021-5p	0	-0.99023198	1.00E+00	1.00E+00
mmu-miR-7079-3p	0	-0.99023198	1.00E+00	1.00E+00
mmu-miR-3079-3p	0	-0.99023198	1.00E+00	1.00E+00
mmu-miR-5133	0	-0.99023198	1.00E+00	1.00E+00
mmu-miR-126b-3p	0	-0.99023198	1.00E+00	1.00E+00
mmu-miR-135b-5p	0	-0.99023198	1.00E+00	1.00E+00
mmu-miR-219c-3p	0	-0.99023198	1.00E+00	1.00E+00
mmu-miR-7664-3p	0	-0.99023198	1.00E+00	1.00E+00
mmu-miR-1968-3p	0	-0.99023198	1.00E+00	1.00E+00
mmu-miR-7089-3p	0	-0.99023198	1.00E+00	1.00E+00
mmu-miR-3057-3p	0	-0.99023198	1.00E+00	1.00E+00
mmu-miR-3618-5p	0	-0.99023198	1.00E+00	1.00E+00
mmu-miR-7662-3p	0	-0.99023198	1.00E+00	1.00E+00
mmu-miR-181b-2-3p	0	-0.99023198	1.00E+00	1.00E+00
mmu-miR-7018-3p	0	-0.99023198	1.00E+00	1.00E+00
mmu-miR-5615-5p	0	-0.99023198	1.00E+00	1.00E+00
mmu-miR-10b-3p	0	-0.99023198	1.00E+00	1.00E+00
mmu-miR-7067-3p	0	-0.99023198	1.00E+00	1.00E+00
mmu-miR-7054-3p	0	-0.99023198	1.00E+00	1.00E+00
mmu-miR-7659-3p	0	-0.99023198	1.00E+00	1.00E+00
mmu-miR-7073-5p	0	-0.99023198	1.00E+00	1.00E+00
mmu-miR-491-3p	0	-0.99023198	1.00E+00	1.00E+00
mmu-miR-6986-5p	0	-0.99023198	1.00E+00	1.00E+00
mmu-miR-7041-5p	0	-0.99023198	1.00E+00	1.00E+00
mmu-miR-328-5p	0	-0.99023198	1.00E+00	1.00E+00
mmu-miR-3474	0	-0.99023198	1.00E+00	1.00E+00
mmu-miR-6993-5p	0	-0.99023198	1.00E+00	1.00E+00
mmu-miR-3081-3p	0	-0.99023198	1.00E+00	1.00E+00
mmu-miR-5101	0	-0.99023198	1.00E+00	1.00E+00
mmu-miR-6929-3p	0	-0.99023198	1.00E+00	1.00E+00
mmu-miR-6940-5p	0	-0.99023198	1.00E+00	1.00E+00
mmu-miR-511-3p	0	-0.99023198	1.00E+00	1.00E+00