miRNA	logFC	logCPM	PValue	FDR
mmu-miR-210-5p	-7.299354148	7.75E+00	8.08E-40	5.58E-37
mmu-miR-204-5p	7.202940053	5.02E+00	1.50E-35	5.16E-33
mmu-miR-153-3p	5.597278869	5.46E+00	1.08E-33	2.48E-31
mmu-miR-7a-2-3p	4.303927007	5.70E+00	1.29E-28	2.23E-26
mmu-miR-1224-5p	4.56934219	5.64E+00	4.18E-25	5.77E-23
mmu-miR-210-3p	-5.044937353	9.77E+00	6.73E-23	7.74E-21
mmu-miR-7b-5p	3.223736635	4.55E+00	2.13E-16	2.10E-14
mmu-miR-194-1-3p	-3.791085363	8.89E+00	2.74E-15	2.37E-13
mmu-miR-101c	2.63740902	8.69E+00	3.93E-15	3.01E-13
mmu-miR-101a-3p	2.637391458	8.69E+00	9.42E-15	6.10E-13
mmu-miR-143-3p	3.259400389	5.69E+00	9.73E-15	6.10E-13
mmu-miR-152-3p	2.741433893	4.52E+00	1.01E-12	5.83E-11
mmu-miR-137-3p	4.970337877	2.43E+00	1.31E-12	6.95E-11
mmu-miR-10a-3p	3.297366503	3.82E+00	2.02E-12	9.94E-11
mmu-miR-598-3p	2.927356578	3.86E+00	3.66E-11	1.68E-09
mmu-miR-7a-5p	2.083260623	6.73E+00	8.49E-11	3.66E-09
mmu-miR-215-5p	-2.518603118	1.72E+01	1.97E-10	7.99E-09
mmu-miR-146a-5p	2.602236265	5.23E+00	3.88E-10	1.49E-08
mmu-miR-29c-3p	2.304399157	5.50E+00	4.80E-10	1.74E-08
mmu-miR-879-5p	4.808296545	2.28E+00	5.12E-10	1.77E-08
mmu-miR-92a-3p	-2.054153976	1.53E+01	8.66E-10	2.85E-08
mmu-miR-574-3p	2.09963591	6.12E+00	4.24E-09	1.33E-07
mmu-miR-350-3p	3.644525061	2.20E+00	5.32E-09	1.59E-07
mmu-miR-215-3p	-2.565873051	1.10E+01	5.80E-09	1.67E-07
mmu-miR-147-3p	-3.686620868	4.84E+00	1.24E-08	3.42E-07
mmu-miR-362-3p	2.737523484	3.37E+00	1.42E-08	3.76E-07
mmu-miR-449c-5p	-3.861662787	3.61E+00	1.57E-08	4.00E-07
mmu-miR-6539	-2.184621639	5.14E+00	2.24E-08	5.52E-07
mmu-miR-187-3p	2.535843728	4.38E+00	2.88E-08	6.85E-07
mmu-miR-375-3p	2.009807978	1.59E+01	3.27E-08	7.53E-07
mmu-miR-10a-5p	2.230682782	1.39E+01	3.81E-08	8.48E-07
mmu-miR-29b-3p	2.142279313	4.57E+00	5.25E-08	1.13E-06
mmu-miR-708-5p	6.942536615	9.72E-01	5.88E-08	1.23E-06
mmu-miR-1945	6.906774248	9.43E-01	1.03E-07	2.08E-06
mmu-miR-222-3p	-1.896708239	7.27E+00	1.21E-07	2.39E-06
mmu-miR-351-5p	-3.978592606	2.24E+00	1.40E-07	2.68E-06
mmu-miR-195a-5p	2.162292131	4.01E+00	1.95E-07	3.63E-06
mmu-miR-139-5p	1.849673079	5.69E+00	2.03E-07	3.69E-06
mmu-miR-378a-3p	-1.708277191	1.43E+01	3.33E-07	5.89E-06
mmu-miR-708-3p	6.781354472	8.73E-01	3.73E-07	6.43E-06
mmu-miR-1224-3p	4.104788389	1.54E+00	4.87E-07	8.20E-06
mmu-miR-218-5p	-2.265675695	5.27E+00	7.04E-07	1.16E-05
mmu-miR-92b-3p	-2.165664075	4.30E+00	7.68E-07	1.23E-05
mmu-miR-3547-3p	6.609567139	7.28E-01	8.93E-07	1.40E-05
mmu-miR-7b-3p	6.594560402	7.37E-01	1.40E-06	2.15E-05
mmu-miR-350-5p	2.985546395	2.17E+00	1.80E-06	2.70E-05
mmu-miR-378d	-1.669206266	6.95E+00	1.98E-06	2.91E-05
mmu-miR-32-5p	2.070270199	3.90E+00	2.49E-06	3.53E-05
mmu-miR-141-3p	1.861140677	1.21E+01	2.54E-06	3.53E-05
mmu-miR-184-3p	2.808244839	2.64E+00	2.56E-06	3.53E-05
mmu-miR-205-5p	-1.740697493	6.23E+00	2.61E-06	3.53E-05
mmu-miR-30b-5p	1.474757613	1.06E+01	3.90E-06	5.17E-05
mmu-miR-3076-3p	-3.362881672	2.00E+00	4.54E-06	5.91E-05
mmu-miR-340-5p	1.566730927	8.07E+00	8.24E-06	1.05E-04
mmu-miR-99a-3p	6.379556815	5.86E-01	8.53E-06	1.07E-04
mmu-miR-879-3p	6.32589424	5.47E-01	9.49E-06	1.17E-04
mmu-miR-33-3p	2.377386289	3.05E+00	9.79E-06	1.19E-04
mmu-miR-700-3p	1.797605042	3.99E+00	1.05E-05	1.25E-04
mmu-miR-3535	-2.20511934	5.67E+00	1.54E-05	1.80E-04
mmu-miR-218-1-3p	-3.199507553	1.96E+00	1.85E-05	2.12E-04
mmu-miR-125b-2-3p	2.339814025	2.89E+00	1.97E-05	2.23E-04
mmu-miR-5126	2.904899604	3.42E+00	3.03E-05	3.37E-04
mmu-miR-344-3p	6.337682716	5.83E-01	3.22E-05	3.53E-04
mmu-miR-199a-3p=mmu-miR-199b-3p	3.969173133	1.44E+00	3.35E-05	3.61E-04
mmu-miR-15b-5p	-1.4475675	9.49E+00	3.40E-05	3.61E-04
mmu-miR-146b-5p	-1.398907874	7.33E+00	3.58E-05	3.74E-04
mmu-miR-342-3p	1.38929119	7.67E+00	3.96E-05	4.07E-04
mmu-miR-101a-5p	2.695980351	2.02E+00	5.60E-05	5.68E-04
mmu-miR-1981-3p	-1.985110146	4.72E+00	6.26E-05	6.26E-04
mmu-miR-96-5p	1.412102399	6.93E+00	6.69E-05	6.58E-04
mmu-miR-212-3p	2.478187457	1.91E+00	6.77E-05	6.58E-04
mmu-miR-1981-5p	-1.900691977	5.77E+00	7.16E-05	6.86E-04
mmu-miR-375-5p	2.071831268	2.82E+00	7.35E-05	6.95E-04
mmu-miR-200a-3p	1.229594341	1.17E+01	7.58E-05	7.07E-04
mmu-miR-423-3p	-1.617404403	1.06E+01	8.82E-05	8.11E-04
mmu-miR-19b-3p	1.451219269	8.79E+00	9.83E-05	8.93E-04
mmu-miR-221-5p	-1.734141195	4.52E+00	1.13E-04	1.02E-03
mmu-miR-125b-5p	2.212064171	3.46E+00	1.19E-04	1.06E-03
mmu-miR-5121	1.814533848	4.34E+00	1.30E-04	1.13E-03
mmu-miR-1947-5p	-1.890415797	4.41E+00	1.46E-04	1.26E-03
mmu-miR-99b-5p	1.586651413	9.31E+00	1.50E-04	1.27E-03
mmu-miR-19a-3p	1.445902381	7.53E+00	1.55E-04	1.30E-03
mmu-miR-219a-5p	2.655136267	1.84E+00	1.79E-04	1.49E-03
mmu-miR-29a-3p	1.300644948	1.06E+01	1.82E-04	1.49E-03
mmu-miR-700-5p	1.576142027	4.33E+00	1.92E-04	1.56E-03
mmu-miR-3057-5p	-1.867313567	3.12E+00	2.06E-04	1.66E-03
mmu-miR-130b-5p	-1.503610475	6.79E+00	2.30E-04	1.82E-03
mmu-miR-872-5p	1.315212075	6.81E+00	2.51E-04	1.96E-03
mmu-miR-194-5p	-1.299037968	1.42E+01	2.60E-04	2.01E-03
mmu-let-7e-5p	1.30342642	7.95E+00	3.32E-04	2.54E-03
mmu-miR-298-5p	-1.512470721	4.39E+00	3.81E-04	2.89E-03
mmu-miR-1839-3p	1.447340434	3.57E+00	3.96E-04	2.97E-03
mmu-miR-6538	2.037001165	3.27E+00	4.07E-04	3.02E-03
mmu-miR-27a-3p	1.351830967	8.47E+00	4.19E-04	3.08E-03
mmu-miR-148a-3p	1.123419271	1.49E+01	4.31E-04	3.13E-03
mmu-miR-486a-5p=mmu-miR-486b-5p	-1.30814002	7.13E+00	4.36E-04	3.13E-03
mmu-miR-33-5p	1.946187934	2.30E+00	4.68E-04	3.33E-03
mmu-miR-23a-3p	1.37181178	7.89E+00	4.73E-04	3.33E-03
mmu-miR-24-3p	1.27513351	8.13E+00	5.14E-04	3.58E-03
mmu-miR-421-3p	-1.249387317	7.87E+00	5.53E-04	3.82E-03
mmu-miR-24-2-5p	1.505799696	4.60E+00	5.67E-04	3.88E-03
mmu-miR-126a-5p	-1.345173387	5.59E+00	6.20E-04	4.19E-03
mmu-miR-497a-5p	1.336754006	4.09E+00	6.56E-04	4.39E-03
mmu-miR-99a-5p	1.706407284	5.25E+00	7.02E-04	4.66E-03
mmu-miR-872-3p	1.287544642	6.04E+00	7.89E-04	5.18E-03
mmu-miR-145a-5p	3.454551571	5.35E-01	8.42E-04	5.48E-03
mmu-miR-7043-3p	2.476709872	1.19E+00	9.41E-04	6.02E-03
mmu-miR-140-5p	1.236088218	4.24E+00	9.42E-04	6.02E-03
mmu-miR-15a-5p	1.016880746	8.14E+00	1.10E-03	6.95E-03
mmu-miR-181a-1-3p	1.2716657	6.12E+00	1.15E-03	7.24E-03
mmu-miR-677-5p	-1.50655097	3.61E+00	1.31E-03	8.11E-03
mmu-miR-3103-3p	-3.212584026	7.95E-01	1.35E-03	8.32E-03
mmu-miR-181c-5p	1.221329491	1.06E+01	1.38E-03	8.40E-03
mmu-miR-30c-1-3p	-1.16651292	5.32E+00	1.47E-03	8.88E-03
mmu-miR-92a-1-5p	-1.15733051	8.91E+00	1.73E-03	1.04E-02
mmu-miR-151-3p	-1.085351078	1.25E+01	1.79E-03	1.07E-02
mmu-miR-29a-5p	1.966245779	1.94E+00	1.81E-03	1.07E-02
mmu-miR-129-5p	5.504811606	6.20E-02	1.94E-03	1.13E-02
mmu-let-7e-3p	2.851491314	1.23E+00	1.96E-03	1.13E-02
mmu-miR-330-5p	-1.386420596	4.91E+00	2.08E-03	1.20E-02
mmu-miR-99b-3p	1.293876267	3.84E+00	2.21E-03	1.26E-02
mmu-miR-1948-3p	-2.139154294	1.66E+00	2.24E-03	1.26E-02
mmu-miR-18a-3p	-1.18769898	4.91E+00	2.30E-03	1.29E-02
mmu-miR-152-5p	1.3159959	3.21E+00	2.70E-03	1.50E-02
mmu-miR-125a-3p	1.51007537	3.18E+00	2.74E-03	1.51E-02
mmu-miR-21a-3p	1.040626692	7.33E+00	2.76E-03	1.51E-02
mmu-miR-103-3p	-0.964743408	1.10E+01	3.10E-03	1.68E-02
mmu-miR-3105-3p	-1.47862723	3.36E+00	3.91E-03	2.11E-02
mmu-miR-107-3p	-0.983197941	8.90E+00	3.95E-03	2.11E-02
mmu-miR-702-3p	-1.854230393	1.88E+00	4.88E-03	2.59E-02
mmu-miR-20b-5p	2.357710686	1.30E+00	5.10E-03	2.69E-02
mmu-miR-1964-3p	-1.528107887	3.39E+00	5.37E-03	2.81E-02
mmu-miR-31-5p	-0.939399602	1.14E+01	6.63E-03	3.44E-02
mmu-miR-326-3p	-1.069547474	5.32E+00	6.85E-03	3.53E-02
mmu-let-7a-1-3p=mmu-let-7c-2-3p	1.143792898	4.39E+00	7.30E-03	3.73E-02
mmu-miR-378b	-1.739907822	2.51E+00	7.56E-03	3.84E-02
mmu-miR-132-3p	1.06063882	4.07E+00	8.55E-03	4.31E-02
mmu-miR-25-5p	-1.162435641	5.36E+00	8.70E-03	4.35E-02
mmu-miR-31-3p	1.058128933	5.04E+00	8.79E-03	4.36E-02
mmu-miR-222-5p	-1.432833314	2.76E+00	9.02E-03	4.44E-02
mmu-miR-205-3p	-3.490521482	1.13E+00	9.22E-03	4.51E-02
mmu-miR-378a-5p	-0.975050425	6.55E+00	1.01E-02	4.92E-02
mmu-let-7f-2-3p	1.221997697	3.37E+00	1.05E-02	5.05E-02
mmu-miR-7226-3p	-1.540923087	2.05E+00	1.14E-02	5.45E-02
mmu-miR-125a-5p	0.837853098	9.53E+00	1.15E-02	5.46E-02
mmu-miR-23b-3p	0.773419506	1.05E+01	1.16E-02	5.47E-02
mmu-miR-196a-5p	2.332335779	1.99E+00	1.31E-02	6.14E-02
mmu-miR-28a-3p	-0.837853959	8.31E+00	1.34E-02	6.27E-02
mmu-miR-1843a-5p	0.88083636	5.06E+00	1.46E-02	6.78E-02
mmu-miR-1843b-5p	0.880840673	5.06E+00	1.48E-02	6.79E-02
mmu-miR-301a-3p	0.785160528	8.87E+00	1.49E-02	6.82E-02
mmu-miR-147-5p	-5.148204605	4.12E-02	1.55E-02	7.04E-02
mmu-miR-7068-3p	-1.396550646	2.51E+00	1.63E-02	7.35E-02
mmu-miR-500-3p	1.176374112	3.93E+00	1.73E-02	7.74E-02
mmu-miR-674-3p	-0.899558845	5.10E+00	1.74E-02	7.75E-02
mmu-miR-126a-3p	-1.04241895	3.80E+00	1.78E-02	7.87E-02
mmu-miR-449a-5p	-1.523363081	2.77E+00	1.84E-02	8.08E-02
mmu-miR-674-5p	-1.024404139	3.28E+00	2.04E-02	8.90E-02
mmu-miR-1306-5p	-1.186320137	2.96E+00	2.07E-02	8.98E-02
mmu-miR-6952-3p	-2.878503654	5.44E-01	2.18E-02	9.42E-02
mmu-miR-100-5p	2.131303157	9.92E-01	2.39E-02	1.02E-01
mmu-miR-6516-5p	4.855409583	-3.39E-01	2.44E-02	1.04E-01
mmu-miR-22-5p	0.962413293	4.14E+00	2.48E-02	1.05E-01
mmu-miR-149-5p	0.931031721	4.09E+00	2.50E-02	1.05E-01
mmu-miR-345-5p	0.800201535	6.85E+00	2.57E-02	1.07E-01
mmu-let-7d-3p	-0.692851105	9.21E+00	2.70E-02	1.12E-01
mmu-miR-29b-1-5p	1.354540221	1.60E+00	2.71E-02	1.12E-01
mmu-miR-17-3p	-0.788043309	5.40E+00	2.84E-02	1.17E-01
mmu-miR-802-5p	-0.698948117	9.82E+00	3.17E-02	1.29E-01
mmu-miR-676-3p	0.855229164	3.87E+00	3.19E-02	1.30E-01
mmu-miR-365-3p	-1.048601857	3.68E+00	3.28E-02	1.32E-01
mmu-miR-132-5p	2.079085773	3.59E-01	3.35E-02	1.34E-01
mmu-miR-6911-3p	-2.885135398	9.50E-01	3.71E-02	1.48E-01
mmu-miR-582-3p	-0.716344838	6.76E+00	3.74E-02	1.48E-01
mmu-miR-6969-3p	1.201174175	2.19E+00	3.79E-02	1.49E-01
mmu-miR-1956	-5.303136819	1.61E-01	3.80E-02	1.49E-01
mmu-miR-296-5p	1.271272052	2.02E+00	4.07E-02	1.59E-01
mmu-miR-582-5p	0.855051255	4.27E+00	4.13E-02	1.60E-01
mmu-miR-93-3p	-0.851640265	4.72E+00	4.17E-02	1.61E-01
mmu-miR-340-3p	0.926843574	3.46E+00	4.22E-02	1.62E-01
mmu-miR-128-1-5p	-0.897660134	4.37E+00	4.26E-02	1.62E-01
mmu-miR-1968-5p	-0.825798245	4.79E+00	4.50E-02	1.71E-01
mmu-miR-125b-1-3p	4.790829565	-2.46E-01	4.67E-02	1.76E-01
mmu-miR-1936	-4.642833893	-2.38E-01	4.91E-02	1.84E-01
mmu-miR-122-5p	4.45559003	-4.54E-01	5.12E-02	1.91E-01
mmu-miR-28c	-0.649221455	8.14E+00	5.23E-02	1.93E-01
mmu-miR-28a-5p	-0.649221065	8.14E+00	5.24E-02	1.93E-01
mmu-miR-664-3p	1.04745886	2.55E+00	5.42E-02	1.99E-01
mmu-miR-30d-3p	0.619994323	6.45E+00	5.60E-02	2.04E-01
mmu-miR-7a-1-3p	0.701654258	5.23E+00	5.76E-02	2.09E-01
mmu-miR-1933-3p	-1.509042745	1.12E+00	6.18E-02	2.23E-01
mmu-miR-877-3p	-1.150393691	2.38E+00	6.30E-02	2.26E-01
mmu-miR-361-3p	-0.734169413	5.74E+00	6.47E-02	2.31E-01
mmu-miR-199a-5p	4.633115649	-3.18E-01	6.55E-02	2.33E-01
mmu-miR-21a-5p	0.573152401	1.47E+01	6.83E-02	2.42E-01
mmu-miR-541-5p	-1.238404519	2.38E+00	7.18E-02	2.53E-01
mmu-miR-148b-5p	-0.618834704	5.47E+00	7.77E-02	2.72E-01
mmu-miR-224-5p	-0.578789596	6.80E+00	8.23E-02	2.87E-01
mmu-miR-423-5p	-0.707488081	7.87E+00	8.29E-02	2.88E-01
mmu-miR-15b-3p	-0.683484355	5.65E+00	8.34E-02	2.88E-01
mmu-miR-221-3p	-0.624386051	7.94E+00	8.39E-02	2.88E-01
mmu-miR-501-3p	0.753053044	4.69E+00	8.56E-02	2.92E-01
mmu-miR-106b-3p	-0.589896504	7.44E+00	8.90E-02	3.02E-01
mmu-miR-499-5p	-5.606039914	4.09E-01	8.95E-02	3.03E-01
mmu-miR-185-3p	-0.966269954	2.19E+00	9.17E-02	3.09E-01
mmu-miR-1960	-2.330552812	3.15E-01	9.27E-02	3.11E-01
mmu-miR-744-5p	-0.583675919	8.80E+00	9.59E-02	3.19E-01
mmu-miR-7035-3p	-4.701816122	-1.79E-01	9.61E-02	3.19E-01
mmu-miR-193a-3p	0.923772015	3.28E+00	9.84E-02	3.25E-01
mmu-miR-335-3p	4.234105062	-5.40E-01	1.00E-01	3.29E-01
mmu-miR-183-5p	0.729728373	1.28E+01	1.01E-01	3.29E-01
mmu-miR-383-5p	4.234240223	-5.40E-01	1.02E-01	3.31E-01
mmu-miR-434-5p	4.234290396	-5.40E-01	1.02E-01	3.31E-01
mmu-miR-532-3p	0.575284134	4.49E+00	1.03E-01	3.32E-01
mmu-miR-1927	-1.990728878	5.12E-01	1.04E-01	3.35E-01
mmu-miR-34a-3p	1.734390678	9.25E-01	1.05E-01	3.37E-01
mmu-miR-7677-3p	-4.528935247	-2.61E-01	1.10E-01	3.47E-01
mmu-miR-7049-5p	3.97254746	-6.33E-01	1.10E-01	3.47E-01
mmu-miR-320-3p	-0.526808064	9.68E+00	1.10E-01	3.47E-01
mmu-miR-873a-5p	3.972878356	-6.33E-01	1.11E-01	3.47E-01
mmu-miR-6769b-3p	3.973232382	-6.33E-01	1.11E-01	3.48E-01
mmu-miR-429-3p	0.479356893	1.22E+01	1.12E-01	3.49E-01
mmu-miR-7236-3p	3.974011736	-6.33E-01	1.14E-01	3.51E-01
mmu-miR-451a	1.363834451	9.46E-01	1.16E-01	3.57E-01
mmu-miR-30d-5p	-0.521059464	1.38E+01	1.19E-01	3.64E-01
mmu-miR-802-3p	-0.518547205	7.30E+00	1.19E-01	3.64E-01
mmu-miR-29c-5p	0.776896029	2.49E+00	1.21E-01	3.65E-01
mmu-miR-26b-3p	-0.545507009	6.20E+00	1.21E-01	3.65E-01
mmu-miR-190b-5p	0.795057071	2.30E+00	1.23E-01	3.71E-01
mmu-miR-27b-3p	0.472361933	1.47E+01	1.27E-01	3.81E-01
mmu-miR-101b-3p	0.52872216	8.29E+00	1.28E-01	3.81E-01
mmu-miR-192-5p	-0.469356418	1.82E+01	1.29E-01	3.83E-01
mmu-miR-17-5p	-0.519360949	9.13E+00	1.32E-01	3.86E-01
mmu-miR-25-3p	-0.488388809	1.26E+01	1.32E-01	3.86E-01
mmu-miR-874-3p	-0.965357916	3.15E+00	1.32E-01	3.86E-01
mmu-miR-15a-3p	-1.724579304	4.47E-01	1.32E-01	3.86E-01
mmu-miR-1843a-3p	0.924144294	3.07E+00	1.39E-01	4.04E-01
mmu-miR-363-3p	1.301043037	2.51E+00	1.40E-01	4.06E-01
mmu-miR-130a-3p	-0.477951425	7.81E+00	1.42E-01	4.09E-01
mmu-miR-5099	-0.571020578	5.12E+00	1.42E-01	4.09E-01
mmu-let-7i-3p	0.718336186	3.40E+00	1.45E-01	4.15E-01
mmu-let-7i-5p	-0.475995643	1.30E+01	1.45E-01	4.15E-01
mmu-miR-877-5p	-1.057368169	2.62E+00	1.47E-01	4.17E-01
mmu-miR-24-1-5p	1.654038987	9.86E-01	1.53E-01	4.31E-01
mmu-miR-27b-5p	-0.530326627	5.89E+00	1.55E-01	4.36E-01
mmu-miR-1983	-0.624579745	4.59E+00	1.55E-01	4.36E-01
mmu-miR-191-3p	-0.512988862	4.78E+00	1.57E-01	4.37E-01
mmu-miR-139-3p	1.497066059	2.89E-01	1.58E-01	4.39E-01
mmu-miR-98-5p	-0.469862636	1.02E+01	1.58E-01	4.39E-01
mmu-miR-664-5p	0.609273587	3.24E+00	1.61E-01	4.42E-01
mmu-miR-3105-5p	4.241180616	-4.76E-01	1.61E-01	4.42E-01
mmu-miR-652-5p	4.240903901	-4.76E-01	1.61E-01	4.42E-01
mmu-miR-30e-5p	-0.448321727	1.29E+01	1.64E-01	4.47E-01
mmu-miR-194-2-3p	-0.450722106	7.41E+00	1.65E-01	4.47E-01
mmu-miR-127-3p	-0.922906529	4.88E+00	1.66E-01	4.47E-01
mmu-miR-30b-3p	-0.515723005	5.43E+00	1.66E-01	4.47E-01
mmu-let-7g-3p	1.228516542	1.73E+00	1.66E-01	4.47E-01
mmu-miR-128-3p	-0.513369868	6.02E+00	1.69E-01	4.53E-01
mmu-miR-183-3p	0.433892742	6.45E+00	1.73E-01	4.58E-01
mmu-miR-5132-5p	3.996307679	-5.63E-01	1.74E-01	4.58E-01
mmu-miR-18b-5p	3.996207203	-5.63E-01	1.74E-01	4.58E-01
mmu-miR-672-5p	0.831437826	1.68E+00	1.75E-01	4.58E-01
mmu-miR-193b-3p	-0.603819729	4.28E+00	1.76E-01	4.58E-01
mmu-miR-760-3p	3.995076801	-5.63E-01	1.76E-01	4.58E-01
mmu-miR-10b-5p	-0.868212013	1.04E+01	1.76E-01	4.58E-01
mmu-miR-133a-3p	0.82450285	1.94E+00	1.77E-01	4.58E-01
mmu-miR-3058-3p	-4.323717006	-4.06E-01	1.78E-01	4.60E-01
mmu-miR-191-5p	-0.487405808	1.53E+01	1.79E-01	4.61E-01
mmu-miR-26a-1-3p	0.860259607	3.41E+00	1.84E-01	4.71E-01
mmu-miR-22-3p	0.481701782	1.38E+01	1.88E-01	4.78E-01
mmu-miR-26a-5p	0.414223901	1.33E+01	1.88E-01	4.78E-01
mmu-miR-1843b-3p	-0.790993558	2.61E+00	1.97E-01	5.00E-01
mmu-miR-30a-5p	-0.436766252	1.31E+01	2.00E-01	5.05E-01
mmu-miR-1943-5p	0.838729811	1.40E+00	2.01E-01	5.05E-01
mmu-miR-196a-1-3p	4.25818297	-6.09E-01	2.01E-01	5.05E-01
mmu-miR-6240	0.48344624	6.72E+00	2.04E-01	5.09E-01
mmu-miR-1839-5p	0.430146159	7.89E+00	2.05E-01	5.09E-01
mmu-miR-106b-5p	0.440073285	7.78E+00	2.05E-01	5.09E-01
mmu-miR-3074-5p	-1.221393986	6.80E-01	2.06E-01	5.10E-01
mmu-miR-93-5p	-0.393483577	1.18E+01	2.13E-01	5.26E-01
mmu-miR-200a-5p	-0.437612791	8.22E+00	2.17E-01	5.32E-01
mmu-miR-328-3p	-0.413831477	6.80E+00	2.19E-01	5.35E-01
mmu-miR-8111	-1.254565983	3.83E-01	2.21E-01	5.35E-01
mmu-miR-484	-0.395894313	8.31E+00	2.21E-01	5.35E-01
mmu-miR-148b-3p	-0.378438283	1.10E+01	2.21E-01	5.35E-01
mmu-miR-339-5p	-0.529940356	4.35E+00	2.22E-01	5.35E-01
mmu-miR-874-5p	-4.208433229	-4.22E-01	2.23E-01	5.35E-01
mmu-miR-30e-3p	-0.398056075	8.43E+00	2.24E-01	5.37E-01
mmu-miR-148a-5p	0.369098552	9.39E+00	2.28E-01	5.42E-01
mmu-miR-452-5p	-0.990848893	1.01E+00	2.28E-01	5.42E-01
mmu-miR-200b-5p	0.380155293	7.42E+00	2.29E-01	5.43E-01
mmu-miR-501-5p	0.975695208	1.55E+00	2.30E-01	5.44E-01
mmu-miR-3082-3p	-0.63505395	3.48E+00	2.35E-01	5.53E-01
mmu-miR-5114	-0.650752312	2.16E+00	2.45E-01	5.75E-01
mmu-miR-208b-3p	-1.866341185	9.29E-01	2.47E-01	5.75E-01
mmu-miR-7054-5p	-4.102035146	-5.00E-01	2.47E-01	5.75E-01
mmu-miR-196b-5p	-0.712937376	3.24E+00	2.47E-01	5.75E-01
mmu-let-7b-3p	-0.43219651	5.82E+00	2.50E-01	5.78E-01
mmu-miR-6922-3p	-4.062992818	-5.06E-01	2.51E-01	5.80E-01
mmu-let-7b-5p	0.33811473	1.15E+01	2.58E-01	5.94E-01
mmu-miR-301b-3p	-0.436422257	5.95E+00	2.66E-01	6.09E-01
mmu-miR-6944-3p	-1.00074109	6.86E-01	2.79E-01	6.37E-01
mmu-miR-195a-3p	1.561345119	3.13E-01	2.81E-01	6.37E-01
mmu-miR-335-5p	3.697836543	-6.56E-01	2.81E-01	6.37E-01
mmu-miR-1306-3p	1.723315295	-2.85E-01	2.86E-01	6.46E-01
mmu-miR-425-3p	-0.398504402	5.23E+00	2.87E-01	6.48E-01
mmu-let-7j	-0.725931617	1.64E+00	2.88E-01	6.48E-01
mmu-miR-744-3p	-0.46522592	3.27E+00	2.89E-01	6.48E-01
mmu-miR-200b-3p	-0.335028125	1.41E+01	2.91E-01	6.51E-01
mmu-miR-18a-5p	0.394722752	6.82E+00	3.01E-01	6.69E-01
mmu-miR-3068-5p	0.963003252	5.51E-01	3.03E-01	6.72E-01
mmu-miR-1249-5p	3.861137919	-7.20E-01	3.05E-01	6.76E-01
mmu-miR-7059-5p	3.861926138	-7.20E-01	3.07E-01	6.77E-01
mmu-miR-137-5p	3.862904702	-7.20E-01	3.09E-01	6.80E-01
mmu-miR-330-3p	-0.510782336	2.56E+00	3.13E-01	6.86E-01
mmu-miR-190a-5p	0.432919901	3.69E+00	3.17E-01	6.92E-01
mmu-let-7d-5p	-0.324767694	1.06E+01	3.19E-01	6.92E-01
mmu-miR-6990-5p	-3.766763923	-6.07E-01	3.19E-01	6.92E-01
mmu-miR-342-5p	0.471546765	4.06E+00	3.24E-01	7.02E-01
mmu-miR-374b-5p	0.333482266	6.24E+00	3.26E-01	7.02E-01
mmu-miR-374c-5p	0.333467481	6.24E+00	3.27E-01	7.03E-01
mmu-miR-186-5p	-0.315615211	1.03E+01	3.28E-01	7.03E-01
mmu-miR-181b-1-3p	0.660530083	2.03E+00	3.29E-01	7.03E-01
mmu-miR-9769-3p	-1.155177485	4.40E-01	3.31E-01	7.05E-01
mmu-miR-322-5p	-1.646390977	1.91E-01	3.36E-01	7.13E-01
mmu-miR-7688-5p	-0.627797928	2.67E+00	3.39E-01	7.16E-01
mmu-miR-185-5p	-0.39821849	4.39E+00	3.39E-01	7.16E-01
mmu-let-7f-5p	-0.3501047	1.32E+01	3.41E-01	7.18E-01
mmu-miR-203-5p	-0.378700505	4.05E+00	3.44E-01	7.22E-01
mmu-miR-676-5p	0.974620255	6.13E-01	3.49E-01	7.30E-01
mmu-miR-96-3p	0.558153511	1.70E+00	3.58E-01	7.47E-01
mmu-miR-142a-5p	0.578993345	3.82E+00	3.65E-01	7.58E-01
mmu-miR-3061-3p	-0.615820454	1.73E+00	3.69E-01	7.65E-01
mmu-miR-704	-0.961666452	5.62E-01	3.71E-01	7.66E-01
mmu-miR-107-5p	-1.207272706	2.04E-01	3.76E-01	7.74E-01
mmu-miR-103-2-5p	-1.208149327	2.04E-01	3.77E-01	7.75E-01
mmu-miR-212-5p	0.999155474	8.44E-01	3.86E-01	7.88E-01
mmu-miR-3109-3p	-3.602477026	-6.25E-01	3.86E-01	7.88E-01
mmu-miR-3064-5p	-3.602053216	-6.25E-01	3.87E-01	7.89E-01
mmu-miR-181b-5p	-0.394313119	8.72E+00	3.94E-01	7.99E-01
mmu-miR-3084-3p	3.389239912	-7.91E-01	3.99E-01	8.08E-01
mmu-miR-425-5p	-0.281760293	9.55E+00	4.08E-01	8.21E-01
mmu-let-7c-5p	0.252605979	1.27E+01	4.08E-01	8.21E-01
mmu-miR-5104	-3.719637118	-6.13E-01	4.15E-01	8.32E-01
mmu-miR-7085-3p	-3.719932524	-6.13E-01	4.16E-01	8.33E-01
mmu-miR-181a-5p	0.331026782	1.24E+01	4.18E-01	8.34E-01
mmu-miR-1198-5p	0.25923558	6.13E+00	4.27E-01	8.48E-01
mmu-miR-324-3p	0.274369928	5.26E+00	4.28E-01	8.48E-01
mmu-miR-9-5p	1.460752271	-3.63E-01	4.31E-01	8.53E-01
mmu-miR-26b-5p	0.232217869	1.20E+01	4.36E-01	8.59E-01
mmu-miR-505-5p	3.336223626	-7.56E-01	4.38E-01	8.62E-01
mmu-miR-187-5p	3.335306479	-7.56E-01	4.40E-01	8.62E-01
mmu-miR-1934-3p	3.333510406	-7.56E-01	4.42E-01	8.64E-01
mmu-miR-7653-3p	3.332885235	-7.56E-01	4.43E-01	8.64E-01
mmu-miR-6972-3p	3.331973105	-7.56E-01	4.44E-01	8.64E-01
mmu-miR-3102-3p	-0.444033992	1.99E+00	4.49E-01	8.71E-01
mmu-miR-5615-3p	-3.629060785	-6.60E-01	4.68E-01	9.01E-01
mmu-miR-200c-5p	0.32195923	4.02E+00	4.68E-01	9.01E-01
mmu-miR-19b-1-5p	0.716025054	6.70E-01	4.69E-01	9.01E-01
mmu-miR-34c-5p	-0.372215075	6.89E+00	4.71E-01	9.01E-01
mmu-miR-30c-5p	-0.220887047	1.09E+01	4.71E-01	9.01E-01
mmu-miR-151-5p	-0.226776806	1.07E+01	4.75E-01	9.02E-01
mmu-miR-6922-5p	3.312322571	-8.40E-01	4.76E-01	9.02E-01
mmu-miR-1b-3p	3.31262956	-8.40E-01	4.76E-01	9.02E-01
mmu-miR-5119	3.31510334	-8.40E-01	4.80E-01	9.05E-01
mmu-miR-381-3p	-1.122366545	-3.40E-01	4.81E-01	9.05E-01
mmu-miR-467c-5p	3.316497359	-8.40E-01	4.82E-01	9.05E-01
mmu-miR-466q	3.317516917	-8.40E-01	4.84E-01	9.05E-01
mmu-miR-7213-3p	3.317665328	-8.40E-01	4.84E-01	9.05E-01
mmu-miR-6985-3p	3.31935945	-8.40E-01	4.87E-01	9.08E-01
mmu-miR-193a-5p	3.321669151	-8.40E-01	4.91E-01	9.13E-01
mmu-miR-7091-3p	3.323160119	-8.40E-01	4.93E-01	9.15E-01
mmu-miR-467e-5p	3.324638769	-8.40E-01	4.96E-01	9.17E-01
mmu-miR-181a-2-3p	-0.389365598	4.69E+00	4.97E-01	9.17E-01
mmu-miR-338-3p	3.326133432	-8.40E-01	4.99E-01	9.18E-01
mmu-miR-7667-3p	3.32680516	-8.40E-01	5.00E-01	9.18E-01
mmu-miR-130b-3p	-0.215812682	9.44E+00	5.03E-01	9.20E-01
mmu-miR-34c-3p	0.623743232	9.83E-01	5.04E-01	9.21E-01
mmu-miR-331-3p	0.245211272	5.93E+00	5.06E-01	9.21E-01
mmu-miR-106a-5p	0.716861678	7.43E-01	5.09E-01	9.24E-01
mmu-miR-200c-3p	0.211305162	1.15E+01	5.22E-01	9.45E-01
mmu-miR-7240-5p	-3.508762895	-6.30E-01	5.28E-01	9.53E-01
mmu-miR-326-5p	-3.508159716	-6.30E-01	5.30E-01	9.55E-01
mmu-miR-3109-5p	-3.50736034	-6.30E-01	5.33E-01	9.58E-01
mmu-miR-16-2-3p	-0.380156113	2.46E+00	5.42E-01	9.72E-01
mmu-miR-30c-2-3p	0.217890785	5.95E+00	5.51E-01	9.85E-01
mmu-miR-505-3p	-1.322616416	-1.62E-01	5.56E-01	9.88E-01
mmu-miR-186-3p	1.504501319	-2.18E-01	5.56E-01	9.88E-01
mmu-miR-3061-5p	-1.068934847	2.16E-01	5.59E-01	9.92E-01
mmu-miR-3098-5p	-3.069096101	-7.71E-01	5.63E-01	9.96E-01
mmu-miR-7237-3p	-1.114686051	-2.39E-01	5.67E-01	1.00E+00
mmu-miR-3066-5p	-0.489548928	1.19E+00	5.96E-01	1.00E+00
mmu-miR-421-5p	-0.994940027	-3.57E-01	5.98E-01	1.00E+00
mmu-miR-3086-5p	-0.851453824	-4.29E-01	6.19E-01	1.00E+00
mmu-miR-671-5p	-0.233458253	2.80E+00	6.26E-01	1.00E+00
mmu-miR-378c	-0.176942494	6.34E+00	6.28E-01	1.00E+00
mmu-miR-3098-3p	-0.636774133	3.79E-01	6.33E-01	1.00E+00
mmu-miR-8114	0.369543137	1.68E+00	6.33E-01	1.00E+00
mmu-miR-671-3p	-0.180301244	5.99E+00	6.43E-01	1.00E+00
mmu-miR-434-3p	-0.408579822	2.30E+00	6.52E-01	1.00E+00
mmu-miR-8103	-0.44077049	9.52E-01	6.57E-01	1.00E+00
mmu-miR-181c-3p	0.174003157	7.15E+00	6.65E-01	1.00E+00
mmu-miR-1930-5p	0.700074378	-3.47E-01	6.72E-01	1.00E+00
mmu-miR-6992-5p	-3.254508746	-7.28E-01	6.76E-01	1.00E+00
mmu-miR-20a-5p	-0.13275171	8.71E+00	6.81E-01	1.00E+00
mmu-miR-3473d	-0.212237314	2.35E+00	6.94E-01	1.00E+00
mmu-miR-320-5p	-3.018036093	-8.33E-01	7.04E-01	1.00E+00
mmu-miR-1199-5p	0.489622467	1.97E-01	7.05E-01	1.00E+00
mmu-miR-301b-5p	-1.07188791	-3.52E-01	7.06E-01	1.00E+00
mmu-miR-1191b-5p	-3.019419924	-8.33E-01	7.07E-01	1.00E+00
mmu-miR-7032-3p	-3.021518993	-8.33E-01	7.12E-01	1.00E+00
mmu-miR-1982-3p	-0.806015017	4.14E-01	7.13E-01	1.00E+00
mmu-miR-363-5p	-3.022409825	-8.33E-01	7.14E-01	1.00E+00
mmu-miR-3102-3p.2-3p	-3.023379686	-8.33E-01	7.16E-01	1.00E+00
mmu-miR-365-2-5p	-0.316950793	1.58E+00	7.18E-01	1.00E+00
mmu-miR-7081-3p	-3.024363163	-8.33E-01	7.19E-01	1.00E+00
mmu-miR-324-5p	0.137392311	5.02E+00	7.19E-01	1.00E+00
mmu-miR-7663-3p	-3.024616996	-8.33E-01	7.19E-01	1.00E+00
mmu-miR-34a-5p	0.139108884	8.02E+00	7.20E-01	1.00E+00
mmu-miR-6994-3p	-3.025672063	-8.33E-01	7.22E-01	1.00E+00
mmu-miR-532-5p	-0.117457306	8.80E+00	7.23E-01	1.00E+00
mmu-miR-6996-5p	0.959031854	-4.59E-01	7.24E-01	1.00E+00
mmu-miR-6948-3p	-0.662221347	4.13E-01	7.26E-01	1.00E+00
mmu-miR-7231-5p	-3.028108652	-8.33E-01	7.28E-01	1.00E+00
mmu-miR-339-3p	0.12610184	4.81E+00	7.29E-01	1.00E+00
mmu-miR-26a-2-3p	0.173251902	3.59E+00	7.39E-01	1.00E+00
mmu-miR-203-3p	-0.107839191	1.15E+01	7.40E-01	1.00E+00
mmu-miR-1249-3p	0.193743679	2.59E+00	7.44E-01	1.00E+00
mmu-miR-3060-3p	0.25650281	1.20E+00	7.52E-01	1.00E+00
mmu-miR-6956-3p	-0.742090155	6.50E-04	7.55E-01	1.00E+00
mmu-miR-182-5p	0.093085054	1.59E+01	7.60E-01	1.00E+00
mmu-miR-362-5p	0.197052062	2.48E+00	7.62E-01	1.00E+00
mmu-miR-6909-5p	-0.697127823	-4.46E-01	7.66E-01	1.00E+00
mmu-miR-331-5p	-0.233966012	1.60E+00	7.67E-01	1.00E+00
mmu-miR-411-5p	-0.489386584	6.60E-01	7.73E-01	1.00E+00
mmu-miR-6399	-0.887592776	-3.12E-01	7.79E-01	1.00E+00
mmu-let-7c-1-3p	0.576153032	-1.69E-01	7.80E-01	1.00E+00
mmu-miR-34b-3p	-0.193736704	2.14E+00	7.89E-01	1.00E+00
mmu-miR-32-3p	0.149328748	1.73E+00	7.92E-01	1.00E+00
mmu-miR-20a-3p	-0.161095752	2.77E+00	7.96E-01	1.00E+00
mmu-miR-496a-3p	2.794623034	-8.64E-01	8.00E-01	1.00E+00
mmu-miR-8094	2.798796289	-8.64E-01	8.00E-01	1.00E+00
mmu-miR-7008-3p	2.795330881	-8.64E-01	8.00E-01	1.00E+00
mmu-miR-3089-3p	2.795805925	-8.64E-01	8.00E-01	1.00E+00
mmu-miR-130a-5p	2.793274011	-8.64E-01	8.00E-01	1.00E+00
mmu-miR-214-3p	2.798838041	-8.64E-01	8.00E-01	1.00E+00
mmu-miR-365-1-5p	2.792950281	-8.64E-01	8.00E-01	1.00E+00
mmu-miR-6395	0.803222651	-9.19E-01	8.00E-01	1.00E+00
mmu-miR-7687-3p	2.795958703	-8.64E-01	8.00E-01	1.00E+00
mmu-miR-142a-3p	2.799366281	-8.64E-01	8.00E-01	1.00E+00
mmu-miR-669c-5p	2.797163628	-8.64E-01	8.00E-01	1.00E+00
mmu-miR-7212-5p	2.79700363	-8.64E-01	8.00E-01	1.00E+00
mmu-miR-3110-5p	2.795696814	-8.64E-01	8.00E-01	1.00E+00
mmu-miR-7219-3p	2.794223142	-8.64E-01	8.00E-01	1.00E+00
mmu-miR-6900-3p	2.793841295	-8.64E-01	8.00E-01	1.00E+00
mmu-miR-7026-5p	2.799147268	-8.64E-01	8.00E-01	1.00E+00
mmu-miR-429-5p	2.796377774	-8.64E-01	8.00E-01	1.00E+00
mmu-miR-7093-3p	2.795782992	-8.64E-01	8.00E-01	1.00E+00
mmu-miR-6932-3p	2.795506632	-8.64E-01	8.00E-01	1.00E+00
mmu-miR-199b-5p	2.79532262	-8.64E-01	8.00E-01	1.00E+00
mmu-miR-7679-3p	2.459227244	-9.70E-01	8.00E-01	1.00E+00
mmu-miR-6921-3p	2.79765074	-8.64E-01	8.00E-01	1.00E+00
mmu-miR-1231-3p	2.796275829	-8.64E-01	8.00E-01	1.00E+00
mmu-miR-3108-5p	2.796169516	-8.64E-01	8.00E-01	1.00E+00
mmu-miR-6954-3p	2.796115289	-8.64E-01	8.00E-01	1.00E+00
mmu-miR-134-5p	2.79063023	-8.64E-01	8.00E-01	1.00E+00
mmu-miR-6546-5p	1.965394804	-1.02E+00	8.00E-01	1.00E+00
mmu-miR-7661-3p	2.794368782	-8.64E-01	8.00E-01	1.00E+00
mmu-miR-133b-3p	2.328085395	-9.42E-01	8.00E-01	1.00E+00
mmu-miR-7680-3p	2.025476417	-9.83E-01	8.00E-01	1.00E+00
mmu-miR-1955-3p	2.79819879	-8.64E-01	8.00E-01	1.00E+00
mmu-miR-145a-3p	2.793476282	-8.64E-01	8.00E-01	1.00E+00
mmu-miR-615-3p	2.791943071	-8.64E-01	8.00E-01	1.00E+00
mmu-miR-5132-3p	2.796478965	-8.64E-01	8.00E-01	1.00E+00
mmu-miR-135a-5p	2.458245325	-9.22E-01	8.00E-01	1.00E+00
mmu-miR-155-5p	-0.119517195	3.89E+00	8.15E-01	1.00E+00
mmu-miR-7015-3p	-0.200143791	1.23E+00	8.16E-01	1.00E+00
mmu-miR-7083-5p	0.391260859	4.10E-02	8.18E-01	1.00E+00
mmu-miR-3068-3p	0.102016819	3.43E+00	8.25E-01	1.00E+00
mmu-miR-345-3p	0.071057329	6.34E+00	8.30E-01	1.00E+00
mmu-miR-409-3p	-0.4741188	3.37E-01	8.37E-01	1.00E+00
mmu-miR-6516-3p	-0.748279174	9.41E-02	8.38E-01	1.00E+00
mmu-miR-138-5p	0.136541856	1.49E+00	8.45E-01	1.00E+00
mmu-miR-219a-1-3p	0.103694652	2.76E+00	8.52E-01	1.00E+00
mmu-miR-374c-3p	0.102522274	2.91E+00	8.56E-01	1.00E+00
mmu-miR-7046-3p	-0.339285899	8.33E-01	8.56E-01	1.00E+00
mmu-miR-16-1-3p	0.108430089	2.71E+00	8.59E-01	1.00E+00
mmu-let-7g-5p	-0.060580431	1.26E+01	8.60E-01	1.00E+00
mmu-miR-361-5p	-0.068213431	7.12E+00	8.70E-01	1.00E+00
mmu-miR-140-3p	0.044995858	9.89E+00	8.74E-01	1.00E+00
mmu-miR-1949	-0.178362015	5.07E-01	8.81E-01	1.00E+00
mmu-miR-98-3p	-0.088044101	2.87E+00	8.84E-01	1.00E+00
mmu-miR-30a-3p	0.037667028	7.68E+00	8.95E-01	1.00E+00
mmu-miR-3074-1-3p	0.293058731	3.97E-01	8.96E-01	1.00E+00
mmu-miR-6909-3p	-2.743866594	-8.46E-01	8.96E-01	1.00E+00
mmu-miR-6997-5p	-2.743544558	-8.46E-01	8.99E-01	1.00E+00
mmu-miR-6930-5p	-2.743356406	-8.46E-01	9.00E-01	1.00E+00
mmu-miR-652-3p	-0.052893279	8.35E+00	9.00E-01	1.00E+00
mmu-miR-3094-5p	-2.743146023	-8.46E-01	9.01E-01	1.00E+00
mmu-miR-322-3p	-2.743111114	-8.46E-01	9.02E-01	1.00E+00
mmu-miR-1929-5p	-2.743072221	-8.46E-01	9.02E-01	1.00E+00
mmu-miR-486b-3p	-2.742962181	-8.46E-01	9.03E-01	1.00E+00
mmu-miR-7029-5p	-2.742941675	-8.46E-01	9.03E-01	1.00E+00
mmu-miR-7648-3p	-2.742899159	-8.46E-01	9.03E-01	1.00E+00
mmu-miR-7647-5p	-2.742894196	-8.46E-01	9.03E-01	1.00E+00
mmu-miR-27a-5p	0.04918188	4.22E+00	9.04E-01	1.00E+00
mmu-miR-6964-3p	-2.74253316	-8.46E-01	9.06E-01	1.00E+00
mmu-miR-146b-3p	-2.742221904	-8.46E-01	9.08E-01	1.00E+00
mmu-miR-486a-3p	-2.742179302	-8.46E-01	9.08E-01	1.00E+00
mmu-miR-7051-5p	-2.631745431	-8.51E-01	9.09E-01	1.00E+00
mmu-miR-7008-5p	-2.742017413	-8.46E-01	9.10E-01	1.00E+00
mmu-miR-6971-3p	-2.631150226	-8.51E-01	9.10E-01	1.00E+00
mmu-miR-7687-5p	-2.63112027	-8.51E-01	9.11E-01	1.00E+00
mmu-miR-7655-3p	-2.630969728	-8.51E-01	9.11E-01	1.00E+00
mmu-miR-3102-5p	-2.741760747	-8.46E-01	9.12E-01	1.00E+00
mmu-miR-300-3p	-2.630645297	-8.51E-01	9.12E-01	1.00E+00
mmu-miR-6939-3p	-2.630259758	-8.51E-01	9.13E-01	1.00E+00
mmu-miR-7213-5p	-2.630192031	-8.51E-01	9.13E-01	1.00E+00
mmu-miR-1943-3p	-2.741453216	-8.46E-01	9.14E-01	1.00E+00
mmu-miR-7091-5p	-2.629828813	-8.51E-01	9.14E-01	1.00E+00
mmu-miR-3473g	-2.741395603	-8.46E-01	9.14E-01	1.00E+00
mmu-miR-23a-5p	-2.629460547	-8.51E-01	9.15E-01	1.00E+00
mmu-miR-6932-5p	-2.628361036	-8.51E-01	9.18E-01	1.00E+00
mmu-miR-6937-3p	-2.628092433	-8.51E-01	9.18E-01	1.00E+00
mmu-miR-500-5p	-2.628008499	-8.51E-01	9.19E-01	1.00E+00
mmu-miR-6941-3p	-2.627610912	-8.51E-01	9.20E-01	1.00E+00
mmu-miR-7682-3p	-2.627100903	-8.51E-01	9.21E-01	1.00E+00
mmu-miR-6936-3p	-2.627020222	-8.51E-01	9.21E-01	1.00E+00
mmu-miR-7674-3p	-2.626552885	-8.51E-01	9.22E-01	1.00E+00
mmu-miR-6918-5p	-2.626293524	-8.51E-01	9.23E-01	1.00E+00
mmu-miR-341-3p	-2.625551533	-8.51E-01	9.25E-01	1.00E+00
mmu-miR-188-5p	-0.068999358	2.58E+00	9.25E-01	1.00E+00
mmu-miR-455-5p	0.430088195	-3.74E-05	9.26E-01	1.00E+00
mmu-miR-211-5p	-2.624690725	-8.51E-01	9.28E-01	1.00E+00
mmu-miR-3073b-3p	-2.624566171	-8.51E-01	9.28E-01	1.00E+00
mmu-let-7a-5p	-0.029007172	1.25E+01	9.36E-01	1.00E+00
mmu-miR-1934-5p	-0.195925273	1.25E+00	9.37E-01	1.00E+00
mmu-miR-16-5p	0.013633691	1.21E+01	9.55E-01	1.00E+00
mmu-miR-141-5p	-0.017707131	7.96E+00	9.69E-01	1.00E+00
mmu-let-7f-1-3p	-0.021983712	4.17E+00	9.70E-01	1.00E+00
mmu-miR-23b-5p	-0.233186657	6.60E-01	9.77E-01	1.00E+00
mmu-miR-6899-3p	0.529188152	-6.14E-01	9.80E-01	1.00E+00
mmu-miR-181d-5p	0.002595086	9.17E+00	9.82E-01	1.00E+00
mmu-miR-7650-5p	0.673702161	-5.50E-01	9.88E-01	1.00E+00
mmu-miR-182-3p	0.0465901	1.72E+00	9.92E-01	1.00E+00
mmu-miR-150-5p	-0.0920718	1.69E+00	9.93E-01	1.00E+00
mmu-miR-192-3p	-0.003582622	6.88E+00	9.98E-01	1.00E+00
mmu-miR-1958	-2.292833257	-9.12E-01	1.00E+00	1.00E+00
mmu-miR-7065-3p	-2.202283587	-9.67E-01	1.00E+00	1.00E+00
mmu-miR-6967-3p	-1.949741213	-9.73E-01	1.00E+00	1.00E+00
mmu-miR-103-1-5p	-1.949556147	-9.73E-01	1.00E+00	1.00E+00
mmu-miR-3963	1.049889845	-1.07E+00	1.00E+00	1.00E+00
mmu-miR-5128	-0.87066524	-1.07E+00	1.00E+00	1.00E+00
mmu-miR-692	0.781362184	-1.08E+00	1.00E+00	1.00E+00
mmu-miR-3084-5p	0.445123305	-8.43E-01	1.00E+00	1.00E+00
mmu-miR-3572-3p	-0.407970866	-4.24E-01	1.00E+00	1.00E+00
mmu-miR-296-3p	-0.354144142	-1.38E-01	1.00E+00	1.00E+00
mmu-miR-7033-5p	-0.352782574	-4.58E-01	1.00E+00	1.00E+00
mmu-miR-6946-3p	-0.308038232	-5.44E-01	1.00E+00	1.00E+00
mmu-miR-29b-2-5p	-0.307669084	-5.44E-01	1.00E+00	1.00E+00
mmu-miR-677-3p	0.300218786	-6.02E-01	1.00E+00	1.00E+00
mmu-miR-5122	-0.254811064	3.13E-01	1.00E+00	1.00E+00
mmu-miR-136-3p	-0.196023034	-4.32E-01	1.00E+00	1.00E+00
mmu-miR-7689-3p	0.179648478	-6.43E-01	1.00E+00	1.00E+00
mmu-miR-3069-5p	0.179237926	-6.43E-01	1.00E+00	1.00E+00
mmu-miR-188-3p	-0.174442683	-3.71E-01	1.00E+00	1.00E+00
mmu-miR-455-3p	-0.152019202	2.53E-02	1.00E+00	1.00E+00
mmu-miR-7075-3p	-0.145905505	-6.26E-01	1.00E+00	1.00E+00
mmu-miR-6988-3p	-0.08796055	1.25E+00	1.00E+00	1.00E+00
mmu-miR-6418-3p	-0.078902208	1.34E-01	1.00E+00	1.00E+00
mmu-miR-6989-3p	0.071673623	-1.37E-01	1.00E+00	1.00E+00
mmu-miR-1191a	0.059204677	7.09E-01	1.00E+00	1.00E+00
mmu-miR-1955-5p	-0.037181244	1.15E+00	1.00E+00	1.00E+00
mmu-miR-301a-5p	-0.028752709	8.55E-01	1.00E+00	1.00E+00
mmu-miR-6960-5p	0.021427842	-5.13E-01	1.00E+00	1.00E+00
mmu-miR-1198-3p	0.021358367	3.20E-01	1.00E+00	1.00E+00
mmu-miR-34b-5p	0.017111956	1.85E+00	1.00E+00	1.00E+00
mmu-miR-5100	-0.016006855	3.66E+00	1.00E+00	1.00E+00
mmu-miR-1291	-0.007947343	7.28E-01	1.00E+00	1.00E+00
mmu-miR-8112	0.002844114	1.15E+00	1.00E+00	1.00E+00
mmu-miR-410-3p	0	-1.11E+00	1.00E+00	1.00E+00
mmu-miR-337-5p	0	-1.11E+00	1.00E+00	1.00E+00
mmu-miR-540-3p	0	-1.11E+00	1.00E+00	1.00E+00
mmu-miR-673-5p	0	-1.11E+00	1.00E+00	1.00E+00
mmu-miR-1948-5p	0	-1.11E+00	1.00E+00	1.00E+00
mmu-miR-3079-5p	0	-1.11E+00	1.00E+00	1.00E+00
mmu-miR-369-5p	0	-1.11E+00	1.00E+00	1.00E+00
mmu-miR-346-5p	0	-1.11E+00	1.00E+00	1.00E+00
mmu-miR-7652-3p	0	-1.11E+00	1.00E+00	1.00E+00
mmu-miR-219c-5p	0	-1.11E+00	1.00E+00	1.00E+00
mmu-miR-7036b-5p	0	-1.11E+00	1.00E+00	1.00E+00
mmu-miR-3066-3p	0	-1.11E+00	1.00E+00	1.00E+00
mmu-miR-5134-5p	0	-1.11E+00	1.00E+00	1.00E+00
mmu-miR-667-3p	0	-1.11E+00	1.00E+00	1.00E+00
mmu-miR-6943-3p	0	-1.11E+00	1.00E+00	1.00E+00
mmu-miR-154-5p	0	-1.11E+00	1.00E+00	1.00E+00
mmu-miR-598-5p	0	-1.11E+00	1.00E+00	1.00E+00
mmu-miR-543-3p	0	-1.11E+00	1.00E+00	1.00E+00
mmu-miR-184-5p	0	-1.11E+00	1.00E+00	1.00E+00
mmu-miR-8097	0	-1.11E+00	1.00E+00	1.00E+00
mmu-miR-6908-3p	0	-1.11E+00	1.00E+00	1.00E+00
mmu-miR-3069-3p	0	-1.11E+00	1.00E+00	1.00E+00
mmu-miR-431-5p	0	-1.11E+00	1.00E+00	1.00E+00
mmu-miR-6546-3p	0	-1.11E+00	1.00E+00	1.00E+00
mmu-miR-382-5p	0	-1.11E+00	1.00E+00	1.00E+00
mmu-miR-3095-3p	0	-1.11E+00	1.00E+00	1.00E+00
mmu-miR-7064-5p	0	-1.11E+00	1.00E+00	1.00E+00
mmu-miR-487b-3p	0	-1.11E+00	1.00E+00	1.00E+00
mmu-miR-6969-5p	0	-1.11E+00	1.00E+00	1.00E+00
mmu-miR-485-3p	0	-1.11E+00	1.00E+00	1.00E+00
mmu-miR-7070-3p	0	-1.11E+00	1.00E+00	1.00E+00
mmu-miR-5123	0	-1.11E+00	1.00E+00	1.00E+00
mmu-miR-7048-3p	0	-1.11E+00	1.00E+00	1.00E+00
mmu-miR-223-5p	0	-1.11E+00	1.00E+00	1.00E+00
mmu-miR-7662-5p	0	-1.11E+00	1.00E+00	1.00E+00
mmu-miR-1933-5p	0	-1.11E+00	1.00E+00	1.00E+00
mmu-miR-323-3p	0	-1.11E+00	1.00E+00	1.00E+00
mmu-miR-379-5p	0	-1.11E+00	1.00E+00	1.00E+00
mmu-miR-1258-5p	0	-1.11E+00	1.00E+00	1.00E+00
mmu-miR-7063-5p	0	-1.11E+00	1.00E+00	1.00E+00
mmu-miR-3087-3p	0	-1.11E+00	1.00E+00	1.00E+00
mmu-miR-5103	0	-1.11E+00	1.00E+00	1.00E+00
mmu-miR-224-3p	0	-1.11E+00	1.00E+00	1.00E+00
mmu-miR-873a-3p	0	-1.11E+00	1.00E+00	1.00E+00
mmu-miR-6962-3p	0	-1.11E+00	1.00E+00	1.00E+00
mmu-miR-6911-5p	0	-1.11E+00	1.00E+00	1.00E+00
mmu-miR-6955-5p	0	-1.11E+00	1.00E+00	1.00E+00
mmu-miR-376b-5p	0	-1.11E+00	1.00E+00	1.00E+00
mmu-miR-338-5p	0	-1.11E+00	1.00E+00	1.00E+00
mmu-miR-7669-5p	0	-1.11E+00	1.00E+00	1.00E+00
mmu-miR-7006-3p	0	-1.11E+00	1.00E+00	1.00E+00
mmu-miR-1932	0	-1.11E+00	1.00E+00	1.00E+00
mmu-miR-5620-5p	0	-1.11E+00	1.00E+00	1.00E+00
mmu-miR-7671-3p	0	-1.11E+00	1.00E+00	1.00E+00
mmu-miR-7658-3p	0	-1.11E+00	1.00E+00	1.00E+00
mmu-miR-5627-3p	0	-1.11E+00	1.00E+00	1.00E+00
mmu-miR-6951-5p	0	-1.11E+00	1.00E+00	1.00E+00
mmu-miR-3099-3p	0	-1.11E+00	1.00E+00	1.00E+00
mmu-miR-1930-3p	0	-1.11E+00	1.00E+00	1.00E+00
mmu-miR-6976-5p	0	-1.11E+00	1.00E+00	1.00E+00
mmu-miR-193b-5p	0	-1.11E+00	1.00E+00	1.00E+00
mmu-miR-223-3p	0	-1.11E+00	1.00E+00	1.00E+00
mmu-miR-181d-3p	0	-1.11E+00	1.00E+00	1.00E+00
mmu-miR-6975-3p	0	-1.11E+00	1.00E+00	1.00E+00
mmu-miR-3073a-3p	0	-1.11E+00	1.00E+00	1.00E+00
mmu-miR-19a-5p	0	-1.11E+00	1.00E+00	1.00E+00
mmu-miR-6955-3p	0	-1.11E+00	1.00E+00	1.00E+00
mmu-miR-190a-3p	0	-1.11E+00	1.00E+00	1.00E+00
mmu-miR-7052-3p	0	-1.11E+00	1.00E+00	1.00E+00
mmu-miR-7030-3p	0	-1.11E+00	1.00E+00	1.00E+00
mmu-miR-7647-3p	0	-1.11E+00	1.00E+00	1.00E+00
mmu-miR-136-5p	0	-1.11E+00	1.00E+00	1.00E+00
mmu-miR-7116-3p	0	-1.11E+00	1.00E+00	1.00E+00
mmu-miR-6979-3p	0	-1.11E+00	1.00E+00	1.00E+00
mmu-miR-7013-3p	0	-1.11E+00	1.00E+00	1.00E+00
mmu-miR-7083-3p	0	-1.11E+00	1.00E+00	1.00E+00
mmu-miR-3077-3p	0	-1.11E+00	1.00E+00	1.00E+00
mmu-miR-6897-5p	0	-1.11E+00	1.00E+00	1.00E+00
mmu-miR-7021-5p	0	-1.11E+00	1.00E+00	1.00E+00
mmu-miR-7079-3p	0	-1.11E+00	1.00E+00	1.00E+00
mmu-miR-3079-3p	0	-1.11E+00	1.00E+00	1.00E+00
mmu-miR-5133	0	-1.11E+00	1.00E+00	1.00E+00
mmu-miR-126b-3p	0	-1.11E+00	1.00E+00	1.00E+00
mmu-miR-135b-5p	0	-1.11E+00	1.00E+00	1.00E+00
mmu-miR-219c-3p	0	-1.11E+00	1.00E+00	1.00E+00
mmu-miR-7664-3p	0	-1.11E+00	1.00E+00	1.00E+00
mmu-miR-1968-3p	0	-1.11E+00	1.00E+00	1.00E+00
mmu-miR-7089-3p	0	-1.11E+00	1.00E+00	1.00E+00
mmu-miR-3057-3p	0	-1.11E+00	1.00E+00	1.00E+00
mmu-miR-3618-5p	0	-1.11E+00	1.00E+00	1.00E+00
mmu-miR-7662-3p	0	-1.11E+00	1.00E+00	1.00E+00
mmu-miR-181b-2-3p	0	-1.11E+00	1.00E+00	1.00E+00
mmu-miR-7018-3p	0	-1.11E+00	1.00E+00	1.00E+00
mmu-miR-5615-5p	0	-1.11E+00	1.00E+00	1.00E+00
mmu-miR-10b-3p	0	-1.11E+00	1.00E+00	1.00E+00
mmu-miR-7067-3p	0	-1.11E+00	1.00E+00	1.00E+00
mmu-miR-7054-3p	0	-1.11E+00	1.00E+00	1.00E+00
mmu-miR-7659-3p	0	-1.11E+00	1.00E+00	1.00E+00
mmu-miR-7073-5p	0	-1.11E+00	1.00E+00	1.00E+00
mmu-miR-491-3p	0	-1.11E+00	1.00E+00	1.00E+00
mmu-miR-6986-5p	0	-1.11E+00	1.00E+00	1.00E+00
mmu-miR-7041-5p	0	-1.11E+00	1.00E+00	1.00E+00
mmu-miR-328-5p	0	-1.11E+00	1.00E+00	1.00E+00
mmu-miR-3474	0	-1.11E+00	1.00E+00	1.00E+00
mmu-miR-6993-5p	0	-1.11E+00	1.00E+00	1.00E+00
mmu-miR-3081-3p	0	-1.11E+00	1.00E+00	1.00E+00
mmu-miR-5101	0	-1.11E+00	1.00E+00	1.00E+00
mmu-miR-6929-3p	0	-1.11E+00	1.00E+00	1.00E+00
mmu-miR-6940-5p	0	-1.11E+00	1.00E+00	1.00E+00
mmu-miR-511-3p	0	-1.11E+00	1.00E+00	1.00E+00