ident	gene	coefD	pvalD	padjD	coefC	pvalC	padjC	mastfc	alpha	ref_alpha	mu	ref_mu	mean	ref_mean	log2fc
Goblet	MUC5AC	4.625571884	2.0488E-17	2.5162E-14	#N/A	1	1	3.326164208	0.147727273	0	2.740324172	-15.10399472	-0.01863236	-15.10399472	15.08536236
Goblet	PRSS22	3.507280774	1.31746E-15	1.0408E-12	-0.150554762	0.777746426	1	0.084497649	0.164772727	0.00270636	1.30021309	1.739455084	-1.301153215	-6.785461603	5.484308388
Goblet	HOXB13	2.836343153	1.11042E-14	7.84891E-12	0.187580522	0.564553567	1	0.058951767	0.215909091	0.00811908	0.985290019	0.884847814	-1.226138941	-6.056912552	4.830773612
Goblet	ITGA2	2.645939426	7.4819E-10	1.39558E-07	0.020522518	0.944749828	1	0.147151734	0.136363636	0.00541272	1.071341487	1.530071721	-1.803004171	-5.996754738	4.193750567
Goblet	DUOXA2	2.631784997	8.77375E-12	3.10083E-09	1.479215745	0.013371921	0.575592631	0.074679728	0.142045455	0.00811908	3.307990172	1.001747443	0.492439727	-5.940223488	6.432663214
Goblet	MAP3K5	2.346964821	2.99321E-08	3.7569E-06	-0.14467318	0.650588513	1	0.071670923	0.119318182	0.0067659	1.288515639	2.100270203	-1.778474782	-5.105830444	3.327355662
Goblet	C4BPB	2.321678745	1.03687E-08	1.45054E-06	0.363667795	0.366629044	1	0.054690108	0.125	0.00811908	0.974508587	0.741468463	-2.025345485	-6.200009272	4.174663787
Goblet	ITGA6	2.262037172	4.79347E-14	3.06554E-11	0.574460049	0.002947696	0.207387075	0.222457898	0.267045455	0.02165088	1.643213089	0.85501948	-0.261593682	-4.673388024	4.411794342
Goblet	MUC5B	2.256312881	2.28488E-11	7.30619E-09	1.281833293	9.90816E-08	5.54444E-05	0.294109723	0.221590909	0.01488498	2.596366372	0.670824516	0.422360767	-5.397472405	5.819833172
Goblet	DUOX2	2.201885861	2.87805E-10	6.33644E-08	0.834861222	0.058386295	1	0.020413381	0.159090909	0.0135318	2.135271833	1.257800645	-0.516755577	-4.948453502	4.431697926
Goblet	SAMD9L	2.189537019	1.28913E-10	3.09162E-08	-0.128981633	0.59191684	1	0.249918189	0.153409091	0.01488498	1.501364583	2.31416063	-1.203099684	-3.755293246	2.552193562
Goblet	REG4	2.119061985	7.02099E-31	4.7146E-27	1.682052477	2.41193E-14	3.23923E-11	0.584962877	0.619318182	0.143437077	4.608345437	2.874483417	3.917099175	0.073006676	3.844092499
Goblet	SKIL	2.105956272	5.70016E-12	2.12648E-09	0.290428569	0.201135763	1	0.244451751	0.193181818	0.0202977	1.428734098	1.938790192	-0.943171127	-3.683234116	2.740062989
Goblet	CDC25B	2.073553068	1.43004E-09	2.46224E-07	0.124385942	0.594161047	1	0.191050388	0.153409091	0.01488498	1.1250696	1.423679903	-1.579370872	-4.645308767	3.065937896
Goblet	FAM91A1	2.058416202	2.55141E-07	2.22503E-05	0.086350154	0.73549786	1	0.090628314	0.119318182	0.00947226	0.641336612	1.189429623	-2.425583745	-5.530768874	3.105185129
Goblet	CMIP	1.986706785	3.94316E-14	2.64783E-11	0.064395253	0.679149869	1	0.170876742	0.289772727	0.035182679	1.513186478	1.862682368	-0.273784623	-2.965999605	2.692214982
Goblet	ITGAV	1.918890509	1.25713E-09	2.2511E-07	0.305165606	0.090913766	1	0.086694266	0.1875	0.0202977	1.531374184	1.634200927	-0.883601905	-3.987702197	3.104100291
Goblet	SMC5	1.905630056	1.49114E-09	2.53493E-07	-0.085826677	0.658091507	1	0.194359703	0.181818182	0.0202977	1.911762506	2.218077325	-0.547620121	-3.404037726	2.856417605
Goblet	MUC4	1.886925251	1.81994E-22	6.11046E-19	0.194588005	0.026304695	0.847175191	0.17604379	0.698863636	0.220568336	2.43541203	2.345849904	1.91849818	0.16517598	1.7533222
Goblet	F3	1.862827034	2.09058E-13	1.22072E-10	0.547905575	0.015436409	0.622555485	0.554068006	0.25	0.040595399	2.168365817	2.122620755	0.168393157	-2.499696905	2.668090062
Goblet	SLC12A2	1.852913974	2.64595E-09	4.23037E-07	0.222104298	0.328318937	1	0.121690979	0.221590909	0.02300406	1.414955443	1.376829574	-0.759019991	-4.064468348	3.305448357
Goblet	SPRED1	1.848445276	9.13119E-08	9.58061E-06	-0.032172543	0.871266178	1	0.052987257	0.153409091	0.01623816	0.788907577	1.572558148	-1.9155057	-4.371075726	2.455570025
Goblet	CD55	1.847556014	2.06092E-17	2.5162E-14	0.547806493	0.00046772	0.051642523	0.781977654	0.369318182	0.066305819	1.932064579	1.652425088	0.495019106	-2.26211213	2.757131236
Goblet	SEC24D	1.845958963	8.34157E-09	1.2046E-06	0.162929062	0.460093665	1	0.098125532	0.170454545	0.0202977	1.361385016	1.558509864	-1.191078415	-4.063358964	2.872280549
Goblet	SLC30A7	1.842630305	4.70554E-07	3.67415E-05	-0.253304213	0.224002678	1	0.048582687	0.142045455	0.0135318	0.823520256	1.826561091	-1.991915365	-4.380099643	2.388184278
Goblet	VWA1	1.814154782	1.06706E-06	7.02478E-05	0.188812734	0.583520202	1	0.254863985	0.113636364	0.0135318	0.974486472	1.548724266	-2.162854445	-4.657757769	2.494903325
Goblet	TC2N	1.802339529	2.74152E-12	1.12158E-09	-0.030000794	0.861096728	1	0.233976975	0.267045455	0.039242219	1.290607043	1.995447888	-0.614189762	-2.675750163	2.0615604
Goblet	FAM118A	1.802214076	7.39013E-11	1.98499E-08	0.015832777	0.934748002	1	0.222557035	0.221590909	0.031123139	1.867837447	2.307598488	-0.306152526	-2.698012532	2.391860006
Goblet	CLDN12	1.740508368	1.77261E-07	1.68838E-05	-0.025124637	0.903522108	1	0.041424506	0.164772727	0.01894452	1.024652959	1.659473826	-1.576695601	-4.061930413	2.485234813
Goblet	TRIQK	1.726458528	4.02388E-06	0.000202975	-0.297068905	0.224723464	1	0.077559222	0.125	0.0135318	0.468050184	1.897931965	-2.531742521	-4.308769385	1.777026863
Goblet	RP11-747H7.3	1.719233137	3.9887E-07	3.21534E-05	-0.109529128	0.626389124	1	0.029571819	0.153409091	0.01894452	1.71865358	2.161731164	-0.985821851	-3.559870432	2.574048581
Goblet	PLA2G2A	1.678107492	1.57668E-16	1.51249E-13	0.796513436	0.000281479	0.036100157	0.425712194	0.465909091	0.106901218	2.772616143	1.962203591	1.670743401	-1.263358385	2.934101786
Goblet	RIF1	1.663715453	7.1961E-06	0.000316865	-0.297897556	0.187791359	1	0.06398552	0.119318182	0.01488498	1.317031414	2.194064518	-1.749961429	-3.875342052	2.125380623
Goblet	B3GNT6	1.663711224	6.6939E-11	1.8729E-08	-0.287051129	0.067907257	1	0.020974914	0.261363636	0.044654939	1.593318664	2.456437083	-0.342512631	-2.028439681	1.68592705
Goblet	RAPH1	1.650889337	1.35455E-06	8.12124E-05	0.022500398	0.908887991	1	0.027139556	0.147727273	0.01894452	1.350547967	1.487479014	-1.408351257	-4.233840239	2.825488982
Goblet	DIRC2	1.638091426	1.15429E-05	0.00046834	-0.016927052	0.943684803	1	0.048058763	0.113636364	0.01488498	0.98387477	1.451655457	-2.153467202	-4.617352609	2.463885407
Goblet	RAB22A	1.63380231	3.07965E-08	3.81691E-06	-0.0274415	0.872977028	1	0.102816728	0.193181818	0.028416779	0.482026043	1.499126697	-1.889820243	-3.637491021	1.747670779
Goblet	DNAJC10	1.630845995	7.32003E-09	1.08031E-06	0.177211346	0.285619275	1	0.150233602	0.204545455	0.032476319	1.152045259	1.382716809	-1.137389672	-3.561283289	2.423893617
Goblet	ZNF518A	1.608616099	2.44276E-07	2.1583E-05	0.144839376	0.435341791	1	0.107218058	0.170454545	0.02435724	1.354820426	1.439762011	-1.19764265	-3.919138787	2.721496137
Goblet	ACBD3	1.606053829	3.30257E-07	2.78953E-05	-0.116974749	0.537645565	1	0.056664572	0.181818182	0.02435724	1.084825336	1.79775901	-1.374519375	-3.561274663	2.186755288
Goblet	TRA2A	1.594967444	6.38445E-09	9.63407E-07	0.15526327	0.35011321	1	0.154929457	0.232954545	0.036535859	1.326499159	1.555142832	-0.775326672	-3.219032654	2.443705982
Goblet	RAB15	1.594598889	1.72527E-05	0.000645413	-0.453924433	0.034006705	0.956110403	0.036952623	0.125	0.01488498	0.393196344	1.950345635	-2.606585323	-4.118951943	1.51236662
Goblet	FBXW11	1.591354852	2.10988E-05	0.00076583	0.030059401	0.892253974	1	0.088613019	0.113636364	0.01488498	0.93307447	1.368942206	-2.204261712	-4.700007412	2.4957457
Goblet	GOLGA4	1.587025132	5.40633E-11	1.57841E-08	0.005537076	0.967785745	1	0.170303806	0.318181818	0.058186739	1.558730967	1.85768929	-0.093315931	-2.245293568	2.151977637
Goblet	B3GNT7	1.582662521	1.32579E-09	2.31239E-07	-0.107778725	0.5701515	1	0.022351005	0.289772727	0.048714479	1.537329842	1.976426419	-0.249641843	-2.382875862	2.133234019
Goblet	APOL1	1.58056766	6.35513E-13	3.04819E-10	0.04512196	0.743564809	1	0.144217232	0.323863636	0.073071719	1.962739696	2.132337818	0.336220031	-1.642086712	1.978306743
Goblet	SI	1.568277062	1.68867E-05	0.000635471	0.008060597	0.967996787	1	0.013335519	0.136363636	0.01623816	1.064208685	1.553898575	-1.810136361	-4.389724443	2.579588082
Goblet	SDR16C5	1.560265364	3.35488E-12	1.32518E-09	0.244888247	0.075783434	1	0.023719487	0.346590909	0.073071719	1.96595002	2.069184633	0.437275507	-1.705234593	2.1425101
Goblet	PRR14L	1.560079236	3.34179E-06	0.000178796	0.218328749	0.234225957	1	0.095367202	0.147727273	0.0202977	1.146696194	1.244808584	-1.612188965	-4.376897279	2.764708313
Goblet	GOLGA5	1.555719371	1.59193E-06	9.46002E-05	-0.448587524	0.03885918	1	0.045618104	0.153409091	0.02300406	1.311580063	3.887251457	-1.392872978	-1.554598682	0.161725704
Goblet	GPCPD1	1.554558534	4.63873E-06	0.000225718	-0.159300063	0.470609502	1	0.117914275	0.130681818	0.0202977	1.014755242	1.8370117	-1.920979559	-3.784974924	1.863995366
Goblet	RP11-390F4.3	1.551513694	3.69856E-06	0.000191783	-0.380227853	0.112032652	1	0.051878795	0.136363636	0.02165088	1.422421109	2.348817066	-1.451951215	-3.180250143	1.728298928
Goblet	PSTPIP1	1.538094484	2.89696E-06	0.000159452	-0.041140001	0.847682546	1	0.231904584	0.119318182	0.028416779	1.628780243	2.619253379	-1.438236183	-2.517631815	1.079395632
Goblet	ANKRD36	1.532219443	3.02055E-06	0.000164902	-0.194220218	0.363031917	1	0.092771795	0.136363636	0.02300406	1.906728592	2.328838243	-0.967671333	-3.112783207	2.145111874
Goblet	FOXA2	1.530996178	7.27953E-05	0.001987075	-0.827645331	0.000276648	0.036100157	0.006115396	0.125	0.0135318	0.791024656	2.456068432	-2.208809626	-3.750889882	1.542080256
Goblet	TMEM92	1.520126179	2.04542E-06	0.000117393	-0.157171923	0.363265563	1	0.030983946	0.164772727	0.02435724	1.198343942	1.584669712	-1.403016194	-3.774288867	2.371272673
Goblet	UGCG	1.515496269	1.33516E-07	1.30885E-05	-0.072936172	0.631926601	1	0.070976187	0.193181818	0.032476319	0.962007231	1.71749873	-1.409873721	-3.226598268	1.816724547
Goblet	RDH10	1.513819089	4.55792E-05	0.001359671	0.162485696	0.458957642	1	0.056180582	0.113636364	0.01623816	0.747115475	0.917020395	-2.390197687	-5.026133875	2.635936188
Goblet	SHOC2	1.504711436	5.32375E-06	0.000251753	-0.042314415	0.837820326	1	0.111197307	0.142045455	0.02165088	1.239781015	1.93538096	-1.575689646	-3.593565692	2.017876046
Goblet	USP53	1.489997356	1.28406E-10	3.09162E-08	0.096566118	0.400968443	1	0.073823417	0.329545455	0.069012179	1.659990051	1.889120585	0.0585658	-1.967735439	2.02630124
Goblet	CASC7	1.475538273	7.75799E-05	0.002096374	0.177060818	0.42495007	1	0.051667297	0.113636364	0.01623816	1.260336604	1.186570145	-1.877033538	-4.756807938	2.879774399
Goblet	ANKRD36C	1.475034967	3.24711E-15	2.4227E-12	0.533415984	2.56388E-05	0.006135565	0.051731787	0.477272727	0.148849797	3.33058071	2.715830308	2.263470974	-0.032204877	2.295675851
Goblet	SPINK5	1.46983851	2.43129E-05	0.000852701	0.366088226	0.323977844	1	0.045532651	0.136363636	0.01894452	1.667049302	1.586990327	-1.207338118	-4.134379327	2.927041209
Goblet	RNF19A	1.468577765	5.44589E-08	6.04449E-06	0.124678029	0.439477828	1	0.096319003	0.204545455	0.040595399	1.338483421	1.591922916	-0.9509602	-3.030295913	2.079335713
Goblet	S100P	1.464251125	5.07639E-13	2.52503E-10	1.200715236	1.46908E-30	9.86484E-27	0.072121745	0.840909091	0.48849797	3.952494965	2.846355128	3.702517213	1.812785565	1.889731648
Goblet	GALNT3	1.447071024	6.50782E-10	1.24857E-07	0.21172894	0.086463833	1	0.065590197	0.329545455	0.070365359	1.669919712	1.877763532	0.06849528	-1.951080043	2.019575323
Goblet	FNIP2	1.445047472	1.23074E-07	1.2335E-05	-0.026569514	0.854162203	1	0.071774654	0.232954545	0.040595399	1.399674836	1.688009873	-0.702153655	-2.934229646	2.232075992
Goblet	CSNK1G3	1.442233976	3.89036E-05	0.001199304	-0.088183556	0.683861055	1	0.044172839	0.130681818	0.01894452	1.106586053	1.872523787	-1.829157063	-3.848972608	2.019815545
Goblet	XIST	1.436974599	9.14109E-11	2.36086E-08	0.687358203	8.76852E-05	0.016586082	0.542228361	0.306818182	0.074424899	2.534415733	1.664591532	0.829887592	-2.083318616	2.913206208
Goblet	CXCL3	1.433218567	1.22569E-06	7.69205E-05	0.560174373	0.121123983	1	0.18952313	0.176136364	0.031123139	2.970669304	2.546596968	0.465458439	-2.459053373	2.924511812
Goblet	ASPH	1.431046882	1.79812E-07	1.69253E-05	0.048917392	0.762234859	1	0.103923264	0.232954545	0.040595399	1.295434327	1.823980172	-0.806390334	-2.798286367	1.991896033
Goblet	FRMD3	1.428559936	1.0231E-07	1.04887E-05	-0.256165777	0.128199629	1	0.00672016	0.215909091	0.043301759	0.921421722	2.170039345	-1.290003837	-2.35919011	1.069186273
Goblet	C6orf62	1.428131203	3.08985E-07	2.6431E-05	0.172355171	0.307050437	1	0.124130786	0.221590909	0.037889039	1.398353375	1.529607083	-0.775621434	-3.192108287	2.416486853
Goblet	MYO1B	1.422800538	0.000231181	0.004689968	0.397098959	0.085137831	1	0.060692767	0.113636364	0.01488498	1.48428443	1.313863022	-1.65310489	-4.755045776	3.101940886
Goblet	VMP1	1.422148615	5.26383E-11	1.57096E-08	0.466977754	0.000282255	0.036100157	0.340500888	0.380681818	0.092016238	2.191283306	1.763233257	0.79795547	-1.678615378	2.476570849
Goblet	TAB2	1.415401305	0.000104568	0.002639746	-0.211783057	0.312302192	1	0.030713766	0.119318182	0.01759134	0.206857489	1.524255325	-2.859994755	-4.303940366	1.443945611
Goblet	ITGB6	1.39877301	0.000150888	0.003360585	-0.057303589	0.784485818	1	0.008972577	0.119318182	0.01759134	0.703087315	1.473857825	-2.363841164	-4.354309607	1.990468444
Goblet	DNAJB14	1.396379527	5.93908E-06	0.000271299	0.169714653	0.383750416	1	0.151678386	0.153409091	0.028416779	1.417389244	1.784710921	-1.287070237	-3.351995756	2.06492552
Goblet	SLC38A2	1.391564047	3.19773E-08	3.90413E-06	-0.131476708	0.391267718	1	0.153824559	0.261363636	0.052774019	1.305289856	2.026264986	-0.630532961	-2.217582857	1.587049896
Goblet	TM9SF3	1.386762947	2.35683E-09	3.81353E-07	0.403709601	0.001562119	0.127147041	0.132712072	0.357954545	0.082543978	1.834837784	1.59441165	0.352706686	-2.004130792	2.356837477
Goblet	ADAM10	1.380172171	1.08383E-05	0.000450645	-0.14391375	0.399618253	1	0.046255052	0.164772727	0.027063599	0.85054571	1.70141303	-1.750789759	-3.505636664	1.754846905
Goblet	RASD2	1.377902994	0.000105776	0.00266113	0.00943625	0.968114843	1	0.009969652	0.113636364	0.02165088	1.540689836	1.735047109	-1.596703862	-3.793827474	2.197123612
Goblet	RP11-220I1.1	1.375796315	8.82345E-07	6.10819E-05	-0.098564773	0.572338777	1	0.085141019	0.198863636	0.037889039	1.236010363	1.969967505	-1.094068176	-2.751842623	1.657774447
Goblet	XRN1	1.367100915	1.31015E-05	0.000520571	-0.128988659	0.487021571	1	0.077922941	0.142045455	0.028416779	1.046285006	1.655648654	-1.769170618	-3.481019992	1.711849374
Goblet	ZFC3H1	1.364612401	5.58256E-05	0.001602004	-0.17632414	0.389466614	1	0.040344268	0.125	0.02300406	1.367318172	2.074548666	-1.632570681	-3.367006053	1.734435371
Goblet	PUM2	1.363753285	5.62275E-05	0.001610097	0.10132564	0.582431445	1	0.046607407	0.142045455	0.02165088	1.3685682	1.586652344	-1.446911407	-3.94216202	2.495250613
Goblet	TM9SF2	1.361439157	3.75806E-09	5.8687E-07	0.057798626	0.6716003	1	0.183342126	0.335227273	0.077131258	1.5022824	1.868205771	-0.074477494	-1.828200516	1.753723022
Goblet	AREG	1.360158276	1.33728E-06	8.08991E-05	0.288185216	0.158303244	1	0.103576392	0.164772727	0.041948579	2.14558654	1.874587341	-0.455817154	-2.700391782	2.244574629
Goblet	GCC2	1.354155126	3.76866E-13	1.94666E-10	0.385397266	4.52898E-05	0.009945916	0.323123172	0.539772727	0.186738836	2.412271354	2.108156408	1.522701905	-0.312708309	1.835410214
Goblet	SAMD9	1.353584985	4.34414E-10	8.97567E-08	0.34896426	0.00869533	0.439016115	0.121226448	0.306818182	0.085250338	1.771386554	2.002563525	0.066869548	-1.549477413	1.616346962
Goblet	WDFY1	1.352419127	0.000261163	0.0051278	-0.037748604	0.848120606	1	0.035314043	0.113636364	0.01759134	0.994231898	1.493164845	-2.143111229	-4.33501353	2.191902301
Goblet	ADAM9	1.348359817	6.37473E-07	4.67829E-05	-0.104795512	0.491745873	1	0.054476093	0.221590909	0.043301759	1.371334104	1.886533805	-0.802639673	-2.642651985	1.840012312
Goblet	GFPT1	1.334670308	5.88147E-10	1.16159E-07	0.266180565	0.015835613	0.634842631	0.08525223	0.420454545	0.115020298	1.915515501	1.858683492	0.665552216	-1.26126922	1.926821436
Goblet	IBTK	1.333316405	2.19303E-05	0.000789609	0.396369856	0.026847964	0.851849017	0.038190356	0.170454545	0.028416779	1.34921175	1.12582455	-1.203251023	-4.010646898	2.807395876
Goblet	DNAJC12	1.328291001	5.83265E-07	4.4007E-05	-0.220429828	0.170763975	1	0.046690134	0.210227273	0.046008119	1.23890619	2.139878228	-1.011006859	-2.301896762	1.290889903
Goblet	GALNT1	1.326656392	3.19023E-05	0.001029922	-0.125513438	0.467353077	1	0.038786194	0.170454545	0.027063599	0.82982966	1.673929523	-1.722599205	-3.533111464	1.810512259
Goblet	EDEM3	1.326155914	1.79346E-06	0.000104665	-0.139132394	0.377033953	1	0.025706116	0.210227273	0.040595399	1.80014283	1.997805386	-0.449791232	-2.624492186	2.174700954
Goblet	HOOK3	1.314691533	6.34891E-05	0.001772679	0.165121831	0.449628156	1	0.097089949	0.125	0.025710419	1.530140976	1.847030337	-1.469759739	-3.434041263	1.964281524
Goblet	SLC35A1	1.313641898	1.12368E-06	7.31563E-05	-0.066828451	0.689412005	1	0.115334684	0.210227273	0.043301759	1.087017096	1.915168304	-1.162888714	-2.614022296	1.451133582
Goblet	AP3B1	1.306543629	0.000139815	0.003209777	0.269306963	0.20233778	1	0.087192963	0.125	0.02165088	0.90388968	0.814144941	-2.095957071	-4.714233174	2.618276103
Goblet	LCN2	1.306451039	4.00673E-07	3.21534E-05	1.507178156	1.31028E-05	0.003450409	0.265898381	0.238636364	0.050067659	3.845715312	2.138624732	1.778610207	-2.18117596	3.959786167
Goblet	IQGAP1	1.302847257	7.4609E-08	8.01599E-06	0.253495503	0.054109375	1	0.117663677	0.295454545	0.066305819	1.691826022	1.657097984	-0.067135641	-2.257439828	2.190304187
Goblet	MBOAT2	1.287985231	4.10463E-07	3.26184E-05	-0.059027063	0.677212628	1	0.035038707	0.244318182	0.054127199	1.397271673	1.890337544	-0.635847088	-2.316971825	1.681124738
Goblet	CKAP4	1.266809025	1.07046E-08	1.48204E-06	-0.191103837	0.091430645	1	0.059336755	0.363636364	0.096075778	1.582926202	2.252690495	0.123518514	-1.126912067	1.250430581
Goblet	C8orf4	1.265888582	6.21208E-11	1.77507E-08	0.435481776	0.010003133	0.478085661	0.499428893	0.403409091	0.133964817	2.641179731	2.577428909	1.331504943	-0.322600657	1.6541056
Goblet	GALNT7	1.264735751	3.67063E-07	3.02433E-05	0.061931103	0.589241786	1	0.029798258	0.284090909	0.063599459	1.43835534	1.718441664	-0.377181997	-2.256216766	1.879034769
Goblet	HK2	1.248356763	1.32199E-07	1.30546E-05	0.503297304	0.000130608	0.021193373	0.06092585	0.3125	0.075778078	1.813897618	1.423659995	0.135851346	-2.298229403	2.434080749
Goblet	IL13RA1	1.245648558	3.35848E-07	2.81902E-05	0.200419741	0.112987084	1	0.119556539	0.272727273	0.063599459	1.32513855	1.520474354	-0.549286969	-2.454157122	1.904870153
Goblet	TMC5	1.245286187	8.93049E-10	1.62076E-07	0.234804068	0.0205335	0.727611883	0.078598359	0.454545455	0.143437077	2.277910444	2.132431989	1.140417057	-0.669022317	1.809439374
Goblet	SLC40A1	1.21848968	2.43355E-07	2.1583E-05	0.66225561	0.000126988	0.021054857	0.242707705	0.272727273	0.069012179	1.710883911	1.330194177	-0.163551837	-2.526591261	2.363039424
Goblet	ZNF292	1.184442664	4.76853E-07	3.70181E-05	0.032696819	0.800113013	1	0.078568399	0.272727273	0.071718539	1.605781038	2.011734684	-0.268652188	-1.789643937	1.520991749
Goblet	ARGLU1	1.085601836	4.42343E-07	3.47407E-05	-0.004368025	0.972238383	1	0.175634288	0.340909091	0.105548038	1.671597828	2.090073538	0.119081666	-1.153873264	1.272954929
Goblet	BCAS1	1.0422027	5.08471E-08	5.69063E-06	0.281928263	0.000201016	0.027831401	0.088282302	0.767045455	0.468200271	2.719530043	2.701421055	2.33691591	1.606625882	0.730290028
Goblet	CEACAM6	1.021159557	9.94297E-09	1.40562E-06	0.996523453	2.02716E-16	3.88926E-13	0.162168922	0.551136364	0.257104195	3.012441721	2.022357279	2.152927079	0.06281147	2.090115609
Goblet	SLC26A3	-1.036405466	3.50071E-08	4.19773E-06	-0.046287391	0.84454402	1	-0.240012498	0.255681818	0.395128552	3.06839278	3.449143617	1.100828475	2.109543364	-1.008714889
Goblet	MPST	-1.044210198	1.71923E-07	1.64923E-05	-0.397928291	0.000167844	0.023980319	-0.131664485	0.403409091	0.451962111	1.949741899	2.488607132	0.640073082	1.342889721	-0.702816639
Goblet	LAMTOR4	-1.061939399	7.08503E-08	7.67354E-06	-0.417110912	4.59156E-05	0.009945916	-0.289880121	0.465909091	0.527740189	1.888020371	2.560562624	0.786153445	1.638468597	-0.852315153
Goblet	CLDN23	-1.072210973	1.09103E-07	1.11004E-05	-0.422052859	0.002093129	0.158817671	-0.086566059	0.193181818	0.316644114	1.262733501	2.408431955	-1.109163975	0.749382773	-1.858546748
Goblet	FCGRT	-1.076715697	2.79249E-07	2.41956E-05	-0.850525675	1.37187E-11	1.31602E-08	-0.215064669	0.380681818	0.404600812	1.906569626	3.0865505	0.513244974	1.781128717	-1.267883743
Goblet	CDX2	-1.095366453	1.93867E-07	1.80808E-05	-0.111518964	0.299346887	1	-0.056975644	0.301136364	0.343707713	1.541467205	2.028781661	-0.190011299	0.488054962	-0.678066261
Goblet	SFN	-1.105444785	4.31447E-07	3.40843E-05	0.036096243	0.80784876	1	-0.080954159	0.238636364	0.282814614	1.758962639	2.139699918	-0.308112941	0.31765207	-0.625765011
Goblet	ACAA2	-1.117187326	1.20522E-07	1.21701E-05	-0.292067465	0.02064984	0.729808802	-0.14604306	0.278409091	0.330175913	1.230245673	2.195140779	-0.614430845	0.59646571	-1.210896555
Goblet	CLCA4	-1.130188811	2.91442E-08	3.69251E-06	0.183564427	0.436992413	1	-0.111143147	0.176136364	0.316644114	2.836717489	2.938345431	0.331509003	1.27929113	-0.947782127
Goblet	DYNLL1	-1.131166092	4.97075E-08	5.64043E-06	0.340974804	0.002416282	0.176362332	-0.35377943	0.494318182	0.534506089	3.413818663	3.160788925	2.397334472	2.257071203	0.14026327
Goblet	C4orf48	-1.14009325	1.59682E-09	2.68066E-07	0.046334912	0.68744738	1	-0.312853529	0.267045455	0.414073072	2.070150409	2.168705518	0.165334417	0.896675699	-0.731341282
Goblet	RETSAT	-1.151036139	8.62768E-08	9.1236E-06	-0.274684724	0.019478431	0.701183012	-0.075445705	0.204545455	0.282814614	1.187349172	2.011305086	-1.102087493	0.189259432	-1.291346925
Goblet	BTNL8	-1.158133389	9.496E-08	9.8101E-06	0.022165646	0.866060871	1	-0.046548303	0.147727273	0.267929635	1.49159028	1.746774881	-1.267317575	-0.153265702	-1.114051873
Goblet	PCK1	-1.186591599	4.69075E-10	9.54497E-08	0.267403296	0.053650694	1	-0.099310842	0.289772727	0.427604871	2.797542815	2.782532574	1.01055098	1.556890738	-0.546339757
Goblet	GUCA2B	-1.187462048	6.25836E-12	2.27162E-09	-0.499440068	0.015061084	0.612940486	-0.270938715	0.420454545	0.648173207	4.074142655	4.713174812	2.824167754	4.087626952	-1.263459197
Goblet	PIGZ	-1.189868486	1.26644E-07	1.25987E-05	-0.20162101	0.087445637	1	-0.044572245	0.193181818	0.254397835	1.208724391	2.116319539	-1.163170366	0.141505527	-1.304675893
Goblet	HSD17B2	-1.222584544	6.99238E-09	1.04342E-06	-0.343520429	0.063578841	1	-0.212038177	0.164772727	0.296346414	1.532832536	2.326064288	-1.068546325	0.571440192	-1.639986517
Goblet	CA4	-1.271041569	1.22315E-11	4.21204E-09	-0.634424072	0.0205012	0.727611883	-0.349548842	0.244318182	0.435723951	3.572595857	4.581184509	1.539439642	3.382673049	-1.843233407
Goblet	NUDT14	-1.314834431	5.14099E-07	3.96802E-05	-0.265536119	0.052364155	1	-0.064152661	0.142045455	0.173207037	0.424406425	1.59468255	-2.390984643	-0.934683261	-1.456301382
Goblet	COMTD1	-1.323588273	3.79584E-10	7.96533E-08	-0.390004549	0.000521533	0.056033536	-0.074499856	0.255681818	0.346414073	1.128552034	2.114135821	-0.838971945	0.584723119	-1.423695065
Goblet	DHRS11	-1.427392842	6.1637E-09	9.51477E-07	-0.27533405	0.051861372	1	-0.076075151	0.164772727	0.221921516	1.078609464	1.721175898	-1.522742843	-0.450659089	-1.072083753
Goblet	PRAP1	-1.427561063	1.83514E-11	6.16149E-09	-0.303023952	0.222930007	1	-0.249116484	0.147727273	0.317997294	2.988870377	3.211922508	0.229908248	1.559018383	-1.329110135
Goblet	NLN	-1.57735125	1.66824E-12	7.22723E-10	-0.104344444	0.528762143	1	-0.061273544	0.119318182	0.297699594	1.859237969	2.26687444	-1.207792891	0.518823679	-1.726616571
Goblet	ANPEP	-1.626688749	3.48897E-13	1.87427E-10	-0.308534797	0.230271181	1	-0.256675122	0.119318182	0.301759134	2.133668649	2.925586233	-0.933376647	1.197068055	-2.130444702
Goblet	HMGCS2	-1.705679019	4.87988E-16	4.09605E-13	-0.49132943	0.001246724	0.107180882	-0.215099829	0.227272727	0.395128552	1.454075086	2.529329233	-0.683377602	1.189734101	-1.873111702
Goblet	AQP8	-1.740447969	1.94387E-20	5.22124E-17	-0.87232434	0.011605539	0.524789182	-0.430802245	0.221590909	0.51556157	3.757610361	5.363357391	1.5835916	4.407574959	-2.823983359
Goblet	CA2	-2.016751174	2.74021E-27	1.2267E-23	-0.543884417	0.005956243	0.344004056	-0.497214693	0.335227273	0.664411367	2.619855943	3.725809214	1.04308059	3.135959438	-2.092878849
Immature Goblet	IGFALS	4.571156042	2.22364E-15	6.42828E-13	#N/A	1	1	4.184905645	0.120967742	0	0.958197511	-15.83770929	-2.089016069	-15.83770929	13.74869322
Immature Goblet	KCTD12	3.431772835	6.74137E-11	8.43254E-09	#N/A	1	1	4.184905645	0.080645161	0	0.175533126	-15.83770929	-3.456486447	-15.83770929	12.38122284
Immature Goblet	S100P	3.343758422	8.36844E-84	1.08865E-79	1.225374827	1.12785E-19	9.78143E-17	0.533814573	0.77016129	0.088868101	3.177616266	1.752738834	2.800849596	-1.73937675	4.540226346
Immature Goblet	SCD	3.153179623	6.81616E-13	1.24889E-10	0.027718849	0.94989817	1	0.207630517	0.108870968	0.001870907	0.66225261	0.920561299	-2.536928789	-8.134558179	5.59762939
Immature Goblet	FAIM2	3.106706781	2.68923E-13	5.22152E-11	0.539975395	0.26399937	1	0.094777922	0.10483871	0.002806361	0.926536344	0.465134883	-2.327109586	-8.005621538	5.678511951
Immature Goblet	PRAC1	2.931959374	2.41791E-62	1.57273E-58	0.367558783	0.002765375	0.151792245	0.203374178	0.685483871	0.085126286	2.793618369	2.415699928	2.248814624	-1.138501952	3.387316576
Immature Goblet	CCL20	2.890076588	3.18437E-19	1.88297E-16	0.886310213	0.059404299	0.961607969	0.727461933	0.161290323	0.006548176	2.867982285	2.057033359	0.235731616	-5.19675999	5.432491606
Immature Goblet	TFF1	2.786073948	6.36413E-57	2.7597E-53	1.441495308	6.23482E-09	1.62218E-06	1.843269287	0.548387097	0.056127222	4.141754785	1.955745798	3.275022466	-2.199302953	5.474325419
Immature Goblet	SDR16C5	2.640277868	1.04059E-25	1.23064E-22	0.277747822	0.151512526	1	0.090662668	0.266129032	0.015902713	1.458884242	1.448575388	-0.450893237	-4.52544948	4.074556243
Immature Goblet	RP1-193H18.2	2.526297363	1.91245E-07	9.44501E-06	0.182117515	0.62439493	1	0.052483106	0.080645161	0.001870907	0.323496975	0.269449715	-3.308546833	-8.781733794	5.473186961
Immature Goblet	CTSE	2.473986321	5.89417E-09	4.43221E-07	0.085179149	0.854191573	1	0.201104304	0.084677419	0.003741815	0.884720754	1.984421106	-2.67701392	-6.075968427	3.398954507
Immature Goblet	HOXB13	2.397133559	2.39784E-24	2.3995E-21	-0.212707216	0.155532673	1	0.026035564	0.330645161	0.023386342	0.987375285	1.765378425	-0.609243866	-3.652508948	3.043265082
Immature Goblet	ST6GALNAC6	2.249076222	1.11574E-23	9.67648E-21	0.035937128	0.817072737	1	0.450343879	0.294354839	0.027128157	1.363720184	1.839268192	-0.40062862	-3.364550078	2.963921459
Immature Goblet	REG4	2.025035846	1.63135E-40	4.24444E-37	1.847735019	2.3196E-32	4.3108E-29	0.338588046	0.75	0.254443405	5.310063079	3.033722217	4.895025786	1.059147735	3.835878051
Immature Goblet	RP4-717I23.3	2.010022483	1.18637E-08	8.20928E-07	0.034831658	0.895605033	1	0.40167965	0.092741935	0.009354537	1.932098726	2.199932817	-1.498472478	-4.539617532	3.041145054
Immature Goblet	MDM4	1.97893191	4.92932E-12	7.45646E-10	-0.012822604	0.949223959	1	0.188771632	0.161290323	0.014967259	1.105775525	1.373689065	-1.526433169	-4.687731552	3.161298383
Immature Goblet	FAM118A	1.942299001	2.63333E-14	6.00999E-12	0.088851363	0.63267571	1	0.262543772	0.197580645	0.021515435	1.397088079	1.559998813	-0.9423604	-3.978105451	3.035745051
Immature Goblet	APOL1	1.931842763	1.36652E-08	9.30737E-07	0.044926439	0.856609767	1	0.212560738	0.096774194	0.011225444	1.533583667	2.017831583	-1.835570725	-4.458716338	2.623145613
Immature Goblet	DENND1B	1.922338793	9.65859E-08	5.23536E-06	-0.350594994	0.166276253	1	0.185368633	0.092741935	0.008419083	0.884720186	2.482144081	-2.545783654	-4.409457856	1.863674201
Immature Goblet	CEACAM6	1.9131825	2.83892E-11	3.80737E-09	0.373141526	0.186734649	1	0.407926195	0.14516129	0.015902713	2.224801729	1.5531119	-0.559438545	-4.420951994	3.861513449
Immature Goblet	ARSB	1.911682841	3.53429E-07	1.61401E-05	-0.322534087	0.252578403	1	0.03832133	0.084677419	0.008419083	0.342015736	1.825983262	-3.21965308	-5.065319761	1.845666681
Immature Goblet	SEC24D	1.906750135	6.6868E-14	1.42604E-11	0.037335873	0.811811581	1	0.10266999	0.197580645	0.022450889	1.193985748	1.404829611	-1.145456989	-4.071848987	2.926391998
Immature Goblet	GPRIN3	1.871929713	9.58567E-13	1.66267E-10	0.046936693	0.769781316	1	0.063573733	0.193548387	0.020579981	1.44487169	1.418055175	-0.924324416	-4.184120683	3.259796266
Immature Goblet	MCTP2	1.855182576	1.13975E-11	1.62935E-09	-0.042598634	0.81452094	1	0.110846989	0.169354839	0.018709074	1.903108943	2.215732248	-0.658737639	-3.524107663	2.865370024
Immature Goblet	ITGAV	1.817825363	5.23101E-08	3.06533E-06	-0.248374595	0.207303901	1	0.045789754	0.112903226	0.011225444	0.664618596	1.749423686	-2.48210069	-4.727014718	2.244914028
Immature Goblet	XIST	1.805302068	3.49848E-20	2.52843E-17	0.650033371	1.68268E-05	0.002146082	0.795710183	0.306451613	0.052385407	2.985578647	2.330936182	1.279316889	-1.923666466	3.202983355
Immature Goblet	ASCC3	1.803702244	4.67763E-07	2.08395E-05	0.22767188	0.366157018	1	0.102959406	0.092741935	0.009354537	1.331653184	1.025650846	-2.098885424	-5.713186341	3.614300917
Immature Goblet	ST3GAL4	1.786246604	2.69868E-15	7.63198E-13	0.166147477	0.263739049	1	0.23104735	0.237903226	0.033676333	1.304841725	1.912175375	-0.766679595	-2.979757961	2.213078367
Immature Goblet	EPM2AIP1	1.762786024	2.38973E-07	1.14716E-05	-0.032165451	0.895486342	1	0.144761216	0.096774194	0.011225444	1.163873049	1.454925763	-2.205258146	-5.021366563	2.816108418
Immature Goblet	FAM208A	1.755195475	5.62455E-06	0.000161167	-0.527721286	0.034788673	0.7742029	0.048212017	0.080645161	0.00748363	0.897811628	2.556571147	-2.73430587	-4.504919744	1.770613874
Immature Goblet	ATM	1.749425181	2.51768E-08	1.59768E-06	0.029434456	0.891444113	1	0.243091403	0.108870968	0.014967259	1.201757947	1.418157341	-1.997463201	-4.643282258	2.645819057
Immature Goblet	RP11-747H7.3	1.744371636	5.89666E-07	2.5485E-05	0.04943669	0.833367261	1	0.036976169	0.10483871	0.010289991	1.184664331	1.540949022	-2.068999729	-5.060851454	2.991851725
Immature Goblet	SLC30A7	1.738180458	3.62682E-10	3.68604E-08	-0.122120758	0.404834158	1	0.062972278	0.165322581	0.018709074	0.478768594	1.351002363	-2.117786464	-4.388609242	2.270822779
Immature Goblet	FAM177B	1.709325942	3.17362E-07	1.47449E-05	-0.20457904	0.394510977	1	0.036331302	0.096774194	0.014031805	0.305090994	1.68857409	-3.063956728	-4.466044536	1.402087808
Immature Goblet	C12orf23	1.690044318	1.80436E-12	2.93412E-10	0.094591194	0.508914485	1	0.100087724	0.205645161	0.029934518	1.248576162	1.347699131	-1.033154758	-3.714033366	2.680878608
Immature Goblet	LPCAT1	1.689230145	1.98027E-06	6.85142E-05	0.101390857	0.683342523	1	0.101409983	0.084677419	0.011225444	1.486938013	1.842770054	-2.074845873	-4.633708767	2.558862894
Immature Goblet	COL16A1	1.688318566	1.89612E-12	3.04527E-10	0.347565477	0.021511194	0.612339433	0.127652711	0.193548387	0.031805426	1.636518245	1.402756317	-0.732682551	-3.571543387	2.838860836
Immature Goblet	B3GALT5	1.687122576	8.34572E-07	3.40343E-05	-0.21536919	0.328128264	1	0.085447623	0.10483871	0.010289991	0.508943321	1.354752155	-2.744665463	-5.246936214	2.502270751
Immature Goblet	LPIN1	1.672819182	1.00998E-08	7.06388E-07	0.017867687	0.926665631	1	0.182053824	0.125	0.018709074	1.042072062	1.562088111	-1.957844197	-4.177592417	2.21974822
Immature Goblet	ANKRD36	1.658200809	2.38667E-08	1.52197E-06	0.138970358	0.487104381	1	0.160057336	0.120967742	0.01777362	1.69231025	1.509434269	-1.354940073	-4.304206245	2.949266172
Immature Goblet	SPRED1	1.650646723	3.25886E-06	0.000104163	-0.328176405	0.15132142	1	0.036588858	0.092741935	0.010289991	1.185313119	2.252490999	-2.245215268	-4.349626356	2.104411088
Immature Goblet	AK1	1.639459387	1.16664E-10	1.36728E-08	0.102338413	0.501357159	1	0.353449404	0.169354839	0.026192703	1.128414	1.359450507	-1.43340962	-3.894883804	2.461474184
Immature Goblet	CCDC14	1.634993374	2.00748E-12	3.18479E-10	0.372917328	0.013281503	0.460744177	0.202789851	0.225806452	0.032740879	2.045524154	1.546001188	-0.101296774	-3.38651272	3.285215945
Immature Goblet	LINC00238	1.633429303	1.11456E-06	4.28974E-05	-0.241170044	0.239099746	1	0.001683489	0.120967742	0.013096352	0.97130057	1.713653094	-2.075913843	-4.540472238	2.464558395
Immature Goblet	MT-TV	1.632469395	1.39523E-06	5.15642E-05	-0.281375352	0.254575204	1	0.045674639	0.100806452	0.011225444	0.809272783	2.122317886	-2.500941943	-4.354267456	1.853325514
Immature Goblet	FFAR4	1.630877682	2.7468E-18	1.32345E-15	0.439822498	0.000168907	0.015233454	0.068695093	0.346774194	0.06828812	1.864842252	1.836927396	0.336923437	-2.035200102	2.372123539
Immature Goblet	PRUNE2	1.630675644	2.81726E-12	4.36306E-10	0.192214791	0.168432694	1	0.055635493	0.217741935	0.033676333	1.49314841	1.430145752	-0.706128959	-3.461713089	2.75558413
Immature Goblet	VPS13C	1.628965195	2.36235E-08	1.51634E-06	-0.256892535	0.164343064	1	0.088231754	0.133064516	0.01777362	0.930844472	2.12026274	-1.978873531	-3.69354279	1.714669259
Immature Goblet	KSR2	1.608235601	5.307E-07	2.33239E-05	-0.006831847	0.973865777	1	0.017139281	0.112903226	0.014967259	1.565855674	1.919925525	-1.580920336	-4.141692224	2.560771888
Immature Goblet	NMD3	1.606508929	2.84519E-06	9.32318E-05	0.084873832	0.718274577	1	0.180407328	0.088709677	0.012160898	0.721963548	1.13761863	-2.772647725	-5.223078556	2.450430831
Immature Goblet	LCN2	1.592314962	1.03063E-13	2.16249E-11	1.11664312	7.76467E-05	0.008016717	0.308267395	0.274193548	0.04303087	3.33781941	1.719403418	1.471092391	-2.818914404	4.290006794
Immature Goblet	TLK1	1.590095391	9.38041E-07	3.72532E-05	-0.231658126	0.26791969	1	0.082288066	0.108870968	0.013096352	1.186527505	1.921173231	-2.012692713	-4.333027902	2.320335189
Immature Goblet	CASD1	1.576270705	5.83861E-05	0.001086617	-0.497843399	0.031183214	0.735249656	0.011773636	0.080645161	0.00748363	0.475899847	2.050444745	-3.156166456	-5.010812877	1.854646421
Immature Goblet	CLDN12	1.570079632	1.86353E-06	6.49938E-05	-0.055933818	0.808533573	1	0.033133621	0.108870968	0.013096352	0.960158404	1.324030659	-2.239046765	-4.929919265	2.690872501
Immature Goblet	IBTK	1.550246617	9.87494E-10	9.11086E-08	-0.013639167	0.92549344	1	0.048563491	0.193548387	0.026192703	0.73379014	1.448306529	-1.635381948	-3.806049098	2.17066715
Immature Goblet	AQP3	1.548638373	7.35063E-13	1.32812E-10	0.063571896	0.674854038	1	0.2577393	0.217741935	0.046772685	1.171079333	1.68212093	-1.028190172	-2.735912573	1.707722401
Immature Goblet	LINC00261	1.545279883	1.06795E-17	4.48162E-15	0.301096931	0.001455243	0.085661773	0.020161213	0.407258065	0.087932647	1.814485171	1.599949978	0.518510537	-1.907423017	2.425933554
Immature Goblet	SLC35D1	1.542159862	5.0515E-06	0.000148341	0.120100481	0.564812976	1	0.097895442	0.10483871	0.011225444	0.895635579	1.145974664	-2.358007956	-5.330128756	2.972120799
Immature Goblet	PPP3CA	1.526017183	5.00094E-06	0.000148194	0.146724585	0.490532834	1	0.067919347	0.10483871	0.012160898	1.727809648	1.642736249	-1.525883441	-4.718229462	3.192346021
Immature Goblet	ARFGEF1	1.523918885	2.14057E-05	0.000485134	0.000580797	0.99779875	1	0.043298079	0.088709677	0.010289991	0.59518511	1.066543172	-2.899412072	-5.534940483	2.635528411
Immature Goblet	TC2N	1.519115561	5.74479E-08	3.29224E-06	-0.267695778	0.177994377	1	0.148163916	0.141129032	0.020579981	0.872179818	2.403089344	-1.952651573	-3.19930354	1.246651967
Immature Goblet	STARD4	1.51799527	2.20316E-05	0.000495863	-0.061114067	0.790113932	1	0.037685876	0.084677419	0.011225444	0.295751426	1.102770802	-3.265910545	-5.37330283	2.107392285
Immature Goblet	RNF6	1.510686794	9.20843E-06	0.000240065	0.062232486	0.787540198	1	0.137741138	0.088709677	0.013096352	0.280038929	1.405857152	-3.21451736	-4.848133637	1.633616277
Immature Goblet	LGR4	1.505030791	2.97592E-06	9.67843E-05	-0.001046226	0.995544493	1	0.038058287	0.125	0.013096352	0.415628447	1.110951235	-2.584242279	-5.142880741	2.558638461
Immature Goblet	CMTR2	1.494405602	1.94285E-05	0.000449724	0.098747315	0.67389728	1	0.098173554	0.084677419	0.012160898	1.347657322	1.391225328	-2.214116936	-4.969618391	2.755501455
Immature Goblet	ATP6V1C1	1.491089662	2.06469E-06	7.10263E-05	0.173933522	0.3688708	1	0.170936851	0.10483871	0.015902713	0.653480287	0.768640866	-2.600142587	-5.205047896	2.604905309
Immature Goblet	FAM214A	1.488158767	1.53867E-05	0.000372749	0.044820743	0.838096774	1	0.03607683	0.088709677	0.013096352	1.184449077	1.412678209	-2.310204272	-4.841315883	2.531111611
Immature Goblet	TTC13	1.487686463	2.03363E-05	0.000467412	0.080390603	0.711074271	1	0.053516359	0.088709677	0.012160898	1.028438013	1.210354058	-2.466202621	-5.150387818	2.684185197
Immature Goblet	CCDC68	1.484009563	2.29107E-05	0.00050841	0.13892358	0.565028372	1	0.216127027	0.080645161	0.012160898	1.376057164	1.267367819	-2.256102858	-5.093407548	2.83730469
Immature Goblet	FYTTD1	1.473491638	3.15307E-06	0.000101531	-0.205277628	0.361955603	1	0.175810445	0.100806452	0.015902713	0.631972496	1.841085145	-2.678225834	-4.13307272	1.454846886
Immature Goblet	CTNNB1	1.470159029	1.38677E-08	9.39608E-07	0.201639547	0.227750698	1	0.095561237	0.177419355	0.02525725	1.240652195	1.182407857	-1.254064163	-4.124331937	2.870267774
Immature Goblet	FIBCD1	1.467774188	6.68654E-09	4.94234E-07	-0.072098879	0.596684786	1	0.021766579	0.173387097	0.028999065	1.087318404	1.635687729	-1.440557879	-3.471896666	2.031338787
Immature Goblet	UBL3	1.461369202	1.99873E-07	9.77498E-06	-0.248086525	0.166557798	1	0.123497192	0.141129032	0.020579981	0.724670049	1.817533241	-2.100152525	-3.784748702	1.684596177
Immature Goblet	SMAD5	1.461255288	2.35476E-08	1.51634E-06	-0.122807322	0.426872335	1	0.069029823	0.169354839	0.02525725	0.906467261	1.814943855	-1.655347168	-3.491944596	1.836597428
Immature Goblet	GBP3	1.460886311	4.38844E-06	0.000133698	0.043711459	0.83500945	1	0.164932439	0.100806452	0.015902713	0.358214081	1.171494506	-2.951954623	-4.802412148	1.850457525
Immature Goblet	RIMS3	1.452287014	8.25556E-05	0.001418713	0.189063029	0.405805543	1	0.023366378	0.080645161	0.011225444	1.431566835	1.115645906	-2.20059727	-5.360436696	3.159839426
Immature Goblet	B3GNT6	1.451652556	6.71487E-12	9.81502E-10	0.081170425	0.469218544	1	0.017453006	0.258064516	0.0505145	1.439026041	1.612251334	-0.515144148	-2.694755854	2.179611706
Immature Goblet	FNIP2	1.451097712	1.04615E-06	4.0992E-05	-0.01260168	0.935795959	1	0.065689351	0.137096774	0.016838167	1.202251173	1.234003069	-1.664414912	-4.657506682	2.99309177
Immature Goblet	STIM2	1.449357508	2.89068E-07	1.35269E-05	0.160860791	0.376605874	1	0.108343494	0.129032258	0.022450889	1.965621935	1.566564834	-0.988531802	-3.910156713	2.921624911
Immature Goblet	CCNG2	1.440234612	6.96006E-06	0.000192237	0.060840938	0.779951933	1	0.123422543	0.096774194	0.015902713	1.889404556	1.425014706	-1.479767194	-4.54900097	3.069233776
Immature Goblet	EDEM3	1.427533972	9.14535E-09	6.52826E-07	-0.131358379	0.34449829	1	0.023309992	0.189516129	0.029934518	1.20972631	1.498385489	-1.1898356	-3.563378112	2.373542511
Immature Goblet	SKIL	1.425997146	3.21004E-06	0.000102856	0.244548923	0.281795666	1	0.108706665	0.10483871	0.018709074	1.401492309	1.522710931	-1.852184663	-4.216957493	2.36477283
Immature Goblet	SEC22B	1.424527114	5.02918E-06	0.000148341	-0.318062247	0.154142178	1	0.071873697	0.100806452	0.01777362	0.441667959	1.851348373	-2.868510378	-3.962393012	1.093882634
Immature Goblet	TRIP12	1.420224977	5.05098E-06	0.000148341	0.084705351	0.64901161	1	0.076547757	0.112903226	0.015902713	2.25699444	1.512982247	-0.889806455	-4.461066999	3.571260544
Immature Goblet	FCHO2	1.41714117	9.49901E-05	0.001586299	0.011545396	0.956709558	1	0.035383711	0.080645161	0.011225444	0.502846705	0.9852641	-3.129223334	-5.490723857	2.361500523
Immature Goblet	DGKH	1.416604945	3.39451E-05	0.000706546	0.046804707	0.833443259	1	0.053235	0.088709677	0.013096352	1.662346476	1.971346614	-1.832338268	-4.282871267	2.450532999
Immature Goblet	TFF2	1.408235353	3.43764E-05	0.000712861	0.399869745	0.14236692	1	0.016851469	0.084677419	0.015902713	1.870781885	1.093631041	-1.691024194	-4.8802381	3.189213906
Immature Goblet	PRAC2	1.407839674	3.4701E-05	0.000715413	-0.367019328	0.062500094	0.983747395	0.008612104	0.112903226	0.012160898	0.714050726	1.640649154	-2.432672673	-4.72031563	2.287642957
Immature Goblet	GNAQ	1.407432312	3.3822E-08	2.12556E-06	-0.268527404	0.058542587	0.954361548	0.028802193	0.201612903	0.027128157	0.631387684	1.680456257	-1.678889462	-3.523333289	1.844443827
Immature Goblet	SEC23A	1.40724071	1.35912E-05	0.000334231	-0.110838557	0.593424779	1	0.176674888	0.096774194	0.014967259	0.638044443	1.498565642	-2.731041628	-4.562906831	1.831865203
Immature Goblet	TRAFD1	1.40629951	2.45039E-05	0.00053575	-0.214519421	0.296598359	1	0.107326988	0.088709677	0.014967259	0.205896826	2.057725187	-3.288648474	-4.003931581	0.715283107
Immature Goblet	DNAJB14	1.387367509	7.03217E-06	0.000193817	0.019942025	0.921965518	1	0.150238031	0.10483871	0.01777362	1.234891742	1.558970288	-2.018775483	-4.254686362	2.235910879
Immature Goblet	ANKRD49	1.386038625	4.37301E-05	0.000861947	-0.005647333	0.980026702	1	0.12129662	0.084677419	0.014031805	0.858088522	1.444732125	-2.703643465	-4.709787655	2.00614419
Immature Goblet	AMFR	1.380983941	7.96716E-06	0.000213261	-0.35851919	0.037846384	0.801862564	0.064336437	0.112903226	0.016838167	0.75534666	2.093320312	-2.391380068	-3.798463788	1.40708372
Immature Goblet	FAM111A	1.380921478	7.63593E-05	0.001335159	0.011240119	0.96134246	1	0.080815293	0.080645161	0.013096352	1.397313657	1.497129265	-2.234847947	-4.756904454	2.522056508
Immature Goblet	NRIP1	1.380743069	2.86218E-05	0.000613412	0.083065627	0.639758059	1	0.024428363	0.112903226	0.013096352	0.557336332	0.782694258	-2.589373528	-5.470918268	2.88154474
Immature Goblet	TMPO	1.369605807	2.78636E-06	9.17663E-05	-0.336533595	0.05661695	0.941854088	0.064283104	0.133064516	0.018709074	0.834998899	1.919167948	-2.074713321	-3.820608496	1.745895175
Immature Goblet	DICER1	1.36833711	3.85837E-05	0.000776989	0.052051477	0.800479384	1	0.074515552	0.100806452	0.013096352	1.206447289	1.34963713	-2.103797612	-4.904325832	2.80052822
Immature Goblet	PTAR1	1.360744436	5.15851E-07	2.27482E-05	-0.02630675	0.864473362	1	0.052171126	0.149193548	0.024321796	1.181172153	1.568638834	-1.56350884	-3.792634465	2.229125625
Immature Goblet	SNORA76	1.341671256	9.18343E-09	6.52826E-07	-0.028397628	0.831265113	1	0.058064876	0.201612903	0.037418148	1.406421738	1.702457701	-0.903881581	-3.037465633	2.133584053
Immature Goblet	ARGLU1	1.329069007	6.20857E-13	1.17054E-10	0.114508119	0.275444992	1	0.253074125	0.346774194	0.082319925	1.506055854	1.719040666	-0.021859364	-1.883490439	1.861631075
Immature Goblet	CHPF	1.326704863	1.05722E-10	1.26177E-08	0.076793372	0.523091073	1	0.184996731	0.241935484	0.057062675	1.288860764	1.528604765	-0.758413359	-2.602562944	1.844149584
Immature Goblet	CD44	1.316556097	8.29907E-15	2.11691E-12	0.362559667	0.000956705	0.060711087	0.730940982	0.370967742	0.109448082	1.649054803	1.543242961	0.218433767	-1.648369683	1.86680345
Immature Goblet	ASPH	1.260548521	1.34167E-13	2.68521E-11	0.284776861	0.000481947	0.03688032	0.058777345	0.475806452	0.142188962	1.687347334	1.672185873	0.615802499	-1.141886119	1.757688618
Immature Goblet	DDX17	1.260435961	2.3759E-12	3.72386E-10	0.227009868	0.026011833	0.674397585	0.22196656	0.391129032	0.100093545	1.880022413	1.777311328	0.525749363	-1.543203213	2.068952576
Immature Goblet	TTC3	1.17158708	1.73841E-10	1.96652E-08	0.033520849	0.751979619	1	0.145344772	0.350806452	0.092609916	1.285556106	1.741089096	-0.225678007	-1.691528218	1.465850211
Immature Goblet	ASRGL1	1.168563786	2.94758E-10	3.11749E-08	0.262447319	0.006160487	0.275729609	0.063892664	0.362903226	0.09354537	1.704303347	1.603600791	0.241973404	-1.81451061	2.056484014
Immature Goblet	GCC2	1.157286005	5.17615E-11	6.60163E-09	0.160649545	0.100656852	1	0.233897203	0.362903226	0.105706268	1.52665618	1.706042401	0.064327976	-1.535760896	1.600088872
Immature Goblet	PLA2G2A	1.154535733	3.45098E-11	4.581E-09	0.493776156	0.007986807	0.330892902	0.182254804	0.387096774	0.114125351	2.35649262	1.761276149	0.987266427	-1.369976244	2.357242671
Immature Goblet	C1orf63	1.07818957	3.35113E-10	3.45991E-08	0.254827256	0.011991422	0.433323371	0.547406829	0.375	0.120673527	1.923272749	1.696507072	0.508246075	-1.354256427	1.862502503
Immature Goblet	AGR3	1.078056647	2.51614E-10	2.72771E-08	0.524978939	8.36941E-10	2.4195E-07	0.038919853	0.544354839	0.208606174	2.300921047	1.769068375	1.423544518	-0.492050443	1.915594962
Immature Goblet	PDIA4	1.04750421	1.50678E-10	1.73466E-08	0.326983737	9.97912E-05	0.009909803	0.264115056	0.508064516	0.192703461	2.028937499	1.917380446	1.052026957	-0.458137843	1.5101648
Immature Goblet	RNA28S5	1.026750752	4.13216E-10	4.12989E-08	0.280256181	0.026024105	0.674397585	0.401238418	0.443548387	0.159962582	2.382363493	2.33834544	1.209532823	-0.305822602	1.515355425
Immature Goblet	PEBP1	-1.059454468	4.31834E-10	4.25586E-08	-0.290977308	0.000761465	0.052411318	-0.280203987	0.5	0.576239476	1.635361425	2.369925939	0.635369355	1.574669847	-0.939300492
Immature Goblet	PYCARD	-1.066618464	4.50172E-10	4.37036E-08	-0.149899932	0.162522957	1	-0.149740298	0.306451613	0.356407858	1.425509929	2.077757368	-0.280738112	0.589368955	-0.870107067
Immature Goblet	LGALS9	-1.074575651	3.27941E-10	3.41294E-08	-0.144259955	0.060730405	0.970214504	-0.050851415	0.362903226	0.409728718	1.402069376	1.990967484	-0.060257474	0.703717334	-0.763974807
Immature Goblet	ID3	-1.078005428	1.53763E-11	2.15087E-09	-0.196828189	0.138827346	1	-0.377536702	0.366935484	0.467726848	1.90903524	2.788431192	0.462644887	1.692173397	-1.22952851
Immature Goblet	MPC2	-1.080242107	1.06717E-10	1.26207E-08	-0.200935797	0.015572651	0.511577307	-0.138683551	0.516129032	0.609915809	1.877002023	2.384211683	0.922812	1.670896718	-0.748084718
Immature Goblet	ECHS1	-1.081398885	2.82936E-10	3.01698E-08	-0.164332992	0.052906282	0.916455161	-0.110202436	0.407258065	0.458372311	1.457752505	2.014596577	0.16178073	0.889195583	-0.727414852
Immature Goblet	SDHB	-1.09238571	2.45915E-10	2.68833E-08	-0.054065901	0.549887537	1	-0.125489273	0.330645161	0.375116932	1.695578865	1.96013611	0.098949955	0.545558945	-0.44660899
Immature Goblet	DCTPP1	-1.10129333	1.634E-10	1.86463E-08	-0.111727656	0.203156139	1	-0.066533567	0.338709677	0.385406922	1.248353007	1.908434028	-0.313505635	0.532898882	-0.846404517
Immature Goblet	NDUFA8	-1.114153801	1.86409E-10	2.09051E-08	-0.115730514	0.183845952	1	-0.081517394	0.322580645	0.36202058	1.418725461	2.025521271	-0.213523404	0.559675552	-0.773198956
Immature Goblet	ISCU	-1.114302478	7.84829E-11	9.60797E-09	-0.140165011	0.167671266	1	-0.299627772	0.290322581	0.351730589	1.23855518	2.045843922	-0.545690609	0.538397632	-1.084088241
Immature Goblet	CD59	-1.121552909	7.03868E-11	8.72059E-09	-0.101752262	0.383836347	1	-0.173922692	0.318548387	0.372310571	1.29240281	2.067013253	-0.357991237	0.641601648	-0.999592885
Immature Goblet	SMAGP	-1.136289886	2.81002E-11	3.80737E-09	-0.308216271	9.20131E-05	0.009279058	-0.032977094	0.350806452	0.410664172	1.37764942	2.021861225	-0.13358585	0.737900922	-0.871486772
Immature Goblet	C10orf99	-1.16679457	1.66661E-12	2.77961E-10	-0.117853047	0.202676327	1	-0.112787354	0.439516129	0.540692236	2.074343388	2.375270018	0.888338862	1.488153596	-0.599814735
Immature Goblet	CLCA1	-1.184872014	3.20077E-12	4.89869E-10	0.19371052	0.075422898	1	-0.047145576	0.681451613	0.839101964	5.38488661	4.990981442	4.831570012	4.737899628	0.093670384
Immature Goblet	ARL2	-1.1850946	3.61289E-10	3.68604E-08	-0.072676174	0.5141751	1	-0.131195602	0.197580645	0.237605239	1.062031564	1.819775531	-1.277406985	-0.25356353	-1.023843455
Immature Goblet	TMEM59	-1.191873339	2.58705E-10	2.7814E-08	0.086793891	0.265168561	1	-0.238065538	0.600806452	0.694106642	2.684073371	2.870665092	1.949048128	2.343895815	-0.394847687
Immature Goblet	IFT172	-1.197319717	2.36892E-11	3.24393E-09	-0.291367436	0.000625537	0.044293673	-0.03279769	0.25	0.302151543	1.053375171	1.842627212	-0.94658922	0.115987292	-1.062576512
Immature Goblet	TPI1	-1.20251596	1.18812E-10	1.38002E-08	-0.321287735	0.000103984	0.010247892	-0.425031333	0.633064516	0.74181478	2.427684305	2.90545765	1.768111397	2.474589713	-0.706478315
Immature Goblet	FOS	-1.221381007	1.53364E-14	3.76436E-12	0.035963706	0.785942656	1	-0.76750294	0.47983871	0.632366698	2.603468497	2.971931225	1.544094344	2.310766349	-0.766672005
Immature Goblet	AP1M2	-1.221677054	1.91826E-10	2.13287E-08	-0.071692154	0.470610826	1	-0.028516812	0.225806452	0.243217961	0.937272002	1.683811954	-1.20952528	-0.355842512	-0.853682767
Immature Goblet	TRPT1	-1.224055829	4.95071E-11	6.37662E-09	-0.195238231	0.051650293	0.908043581	-0.052511816	0.173387097	0.247895229	0.841506265	1.801622393	-1.68635975	-0.210553756	-1.475805994
Immature Goblet	CKMT1B	-1.224676002	6.5985E-11	8.33397E-09	-0.01282354	0.88330543	1	-0.042002071	0.225806452	0.259120674	1.152846052	1.625906778	-0.993957351	-0.322374373	-0.671582978
Immature Goblet	FOSB	-1.23322165	1.08646E-14	2.71803E-12	-0.073179909	0.507912303	1	-0.437216912	0.318548387	0.459307764	1.645014502	2.234318076	-0.00538421	1.111857315	-1.117241525
Immature Goblet	FAM162A	-1.257276658	6.49115E-14	1.40739E-11	-0.305071275	0.000256742	0.021973395	-0.170785139	0.52016129	0.652946679	2.047934358	2.601945416	1.104970798	1.986984662	-0.882013863
Immature Goblet	HSPB1	-1.264162065	2.3391E-14	5.63506E-12	-0.320686167	0.018630255	0.571331479	-0.575088519	0.322580645	0.434985968	1.175257423	2.342448674	-0.456987885	1.141495751	-1.598483637
Immature Goblet	SLC25A5	-1.273068695	2.15697E-11	2.98511E-09	-0.477248832	5.26946E-08	1.10565E-05	-0.42029032	0.709677419	0.839101964	2.880948714	3.46915022	2.386185391	3.216068684	-0.829883293
Immature Goblet	DECR1	-1.281176574	7.46299E-13	1.32923E-10	-0.032466698	0.73994243	1	-0.094905627	0.27016129	0.331150608	1.419928203	1.984493266	-0.468154046	0.390065252	-0.858219298
Immature Goblet	FAM195A	-1.29026734	4.38715E-14	9.6733E-12	-0.261157458	0.001221512	0.073909974	-0.071220077	0.387096774	0.480823199	1.465940032	2.14495157	0.096720342	1.088535995	-0.991815653
Immature Goblet	ATP5O	-1.313637351	6.35077E-13	1.18024E-10	-0.320727073	2.50813E-05	0.003049374	-0.23031819	0.629032258	0.763330215	2.477459668	2.948348854	1.808668185	2.558729047	-0.750060862
Immature Goblet	EIF3K	-1.325048781	1.00394E-12	1.71846E-10	-0.380302522	7.12818E-07	0.000122014	-0.333269568	0.64516129	0.779232928	2.368374717	2.954661862	1.736109126	2.59478931	-0.858680184
Immature Goblet	UQCRFS1	-1.331443086	4.01493E-15	1.11128E-12	-0.255244091	0.00232692	0.131612642	-0.188126135	0.504032258	0.641721235	1.835743788	2.469976457	0.847338553	1.829997568	-0.982659014
Immature Goblet	SLC25A4	-1.334799777	7.90263E-11	9.60797E-09	-0.247137085	0.036428886	0.789838974	-0.046762864	0.14516129	0.188961646	0.616093494	1.60803035	-2.168083168	-0.79576962	-1.372313549
Immature Goblet	AC009501.4	-1.337478703	4.88083E-18	2.26767E-15	0.58196423	3.69151E-05	0.00432638	-1.044274324	0.209677419	0.501403181	2.942111773	2.471799772	0.688367263	1.47584724	-0.787479978
Immature Goblet	C17orf76-AS1	-1.377091712	4.82033E-11	6.27077E-09	-0.325565525	0.000172516	0.015267107	-0.582623028	0.786290323	0.908325538	3.671866103	4.039487608	3.325000631	3.900769107	-0.575768475
Immature Goblet	TRAPPC6A	-1.385866534	3.30384E-16	1.07449E-13	-0.186105598	0.055297566	0.929939678	-0.158174177	0.245967742	0.376052385	1.363922938	1.927122495	-0.659506693	0.516138796	-1.17564549
Immature Goblet	MPST	-1.388109367	7.85915E-16	2.43428E-13	-0.393347091	3.96803E-06	0.000607296	-0.140787147	0.423387097	0.539756782	1.390027525	2.276210597	0.150089534	1.386596304	-1.23650677
Immature Goblet	TMEM176A	-1.394001001	8.48587E-16	2.56727E-13	-0.025602443	0.844192767	1	-0.271529829	0.262096774	0.370439663	1.328174496	2.035306542	-0.603626379	0.602627238	-1.206253617
Immature Goblet	ACADS	-1.399232089	7.56115E-13	1.32923E-10	-0.247176652	0.019924764	0.590435672	-0.081129806	0.189516129	0.236669785	1.250975078	1.741596584	-1.148588116	-0.337432219	-0.811155897
Immature Goblet	COX7C	-1.412555122	3.12859E-10	3.28225E-08	-0.090212781	0.221256306	1	-0.442445291	0.806451613	0.919550982	3.428342436	3.620127568	3.118002864	3.499129212	-0.381126348
Immature Goblet	FAM213A	-1.436379861	1.31362E-12	2.21933E-10	-0.208690493	0.134254055	1	-0.102553458	0.129032258	0.208606174	0.838200077	1.667821	-2.115903226	-0.593295824	-1.522607402
Immature Goblet	GPX4	-1.448857587	1.23616E-16	4.12339E-14	-0.183920497	0.063708447	0.98715638	-0.409479775	0.334677419	0.437792329	1.317262431	2.078550903	-0.261874795	0.886876975	-1.14875177
Immature Goblet	NDUFA4	-1.452378564	1.27786E-13	2.59745E-11	-0.25602698	0.000769569	0.052411318	-0.419288772	0.705645161	0.852198316	2.88720766	3.370596078	2.384223851	3.139857597	-0.755633746
Immature Goblet	JUN	-1.459470881	3.37251E-19	1.90752E-16	-0.039821243	0.735706036	1	-0.605938971	0.455645161	0.63797942	2.405662514	2.863429404	1.271650721	2.215013116	-0.943362395
Immature Goblet	SUCLG1	-1.479344121	1.34012E-17	5.448E-15	-0.364324114	0.000133125	0.012549429	-0.12553871	0.350806452	0.468662301	1.675437018	2.125247109	0.164198476	1.031874166	-0.86767569
Immature Goblet	KLK1	-1.525590304	1.28738E-11	1.82039E-09	-0.942778004	6.18353E-34	1.34069E-30	-0.033953534	0.818548387	0.937324602	3.491222496	4.637174708	3.202362589	4.54379543	-1.341432841
Immature Goblet	IER2	-1.527864111	8.64724E-20	5.92063E-17	-0.305838201	0.003378383	0.175097167	-0.453911046	0.455645161	0.63049579	1.884799543	2.771095732	0.750790164	2.10565649	-1.354866326
Immature Goblet	RNASE1	-1.54481098	7.92814E-18	3.43791E-15	-0.569232387	9.01335E-10	2.54901E-07	-0.113330229	0.681451613	0.869971936	3.100660386	4.027847075	2.547344855	3.826888069	-1.279543214
Immature Goblet	PRDX5	-1.575555418	3.77717E-13	7.22606E-11	-0.825998614	2.34428E-23	2.77243E-20	-0.325447609	0.778225806	0.914873714	3.031345175	3.987713221	2.66960676	3.859357883	-1.189751123
Immature Goblet	FCGRT	-1.581385525	3.65536E-19	1.98136E-16	-0.379893676	8.36124E-05	0.008564671	-0.251521478	0.427419355	0.567820393	1.576807689	2.448032581	0.350542896	1.631542585	-1.28099969
Immature Goblet	ACAA2	-1.601952229	8.0537E-17	2.83164E-14	-0.181086587	0.177628165	1	-0.191017023	0.169354839	0.265668849	0.961560929	1.791087278	-1.600255915	-0.121192065	-1.47906385
Immature Goblet	ZG16	-1.608830518	1.97482E-17	7.77645E-15	-0.483344214	0.015391397	0.510172439	-0.342047404	0.725806452	0.907390084	7.348651785	8.086701919	6.886308628	7.946496727	-1.0601881
Immature Goblet	MACROD1	-1.640443606	3.64854E-16	1.15765E-13	-0.303149605	0.005923012	0.268475495	-0.038131892	0.141129032	0.231057063	1.036167172	1.794194946	-1.788673019	-0.319460322	-1.469212697
Immature Goblet	RARRES2	-1.653454494	1.85768E-18	9.29484E-16	-0.344851166	0.092466298	1	-0.27093312	0.133064516	0.288119738	1.029607583	2.416453428	-1.88011599	0.621205232	-2.501321222
Immature Goblet	PXMP2	-1.817528766	7.58035E-22	5.80075E-19	-0.285471318	0.004475029	0.220513839	-0.080014101	0.213709677	0.328344247	0.991864329	1.779200136	-1.234365953	0.172495901	-1.406861853
Immature Goblet	HMGCS2	-2.056495982	2.12167E-35	3.94297E-32	-0.534974152	6.74281E-07	0.000116956	-0.206310669	0.306451613	0.58746492	1.424248598	2.54057901	-0.281999425	1.773156594	-2.055156019
Immature Goblet	URAD	-2.667616541	1.04171E-52	3.38789E-49	0.003285023	0.978415462	1	-0.12653171	0.149193548	0.533208606	2.418058301	2.481391882	-0.326658359	1.574167715	-1.900826073